src/extreme_event_grid.json
{"header": { "parameterCategory": 2, "lo2": 130.73672922245862, "nx": 208, "ny": 167, "lo1": 130.68056922245862, "parameterNumber": 2, "dx": 0.00027, "dy": 0.00027, "parameterNumberName": "U-component_of_wind", "la1": 32.817937509418, "la2": 130.68056922245862, "la4": 90, "lo4": 0 }, "meta": { "date": "2014-11-30T12:00:00.000Z" }, "data":
[rows 24 to 47 of 167, columns 0 to 54 of 208]
0.0,9.234103834898403e-12,2.742252844994221e-11,5.602444034181643e-11,0.0,0.0,-0.0009124079756482236,-0.0009124079756482236,0.15329413096949457,0.311860666342449,0.11258321794830375,5.923216840373833e-10,1.3627875957057871e-8,0.0,0.000527083388938416,0.007922858333325919,0.008518491865244286,0.041498151488200484,0.0039021313181157816,0.034997025543719425,0.04055723141622716,0.03195461391346714,0.03195461391346714,0.02744772434109938,0.027915518024960354,0.02166515322152009,0.006687386245097396,0.0029582785202423643,0.001061529271837923,-0.007701075707272377,-0.017548093851273476,-0.019368040178653997,-0.028615730783842108,-0.03508457925903901,-0.048451801216336236,-0.06340883277690552,-0.07980479240896732,-0.06962027613376878,-0.06962027613376878,-0.052878448776252716,-0.05974289438385341,-0.05669863707786328,-0.056619106487997554,-0.058380875587152985,-0.06048930583103722,-0.06116385293518594,-0.06913399851776693,-0.0764298197817263,-0.1118029354447511,-0.12460135930985393,0.0032380640749222,0.0032380640749222,-0.024471169890388597,-0.024471169890388597,-0.05305834199596313
0.0,9.234103834898403e-12,1.0255996518754077e-11,5.602444034181643e-11,0.0,0.0,0.0,0.0,0.23277207001731012,0.1613092067261494,0.11258321794830375,0.09995261419695013,0.0,0.11161110906488857,4.3809266129250276e-5,0.0151116191250633,0.0252773923151907,0.06464156569925879,0.05130017767133926,0.044215895139124564,0.05077648950099385,0.04772316974314515,0.04772316974314515,0.03563997343331027,0.0312636404201103,0.017070858379683442,0.012683814911172285,0.00585542132343685,0.004207931372226419,-0.008556351580606029,-0.012586035599843724,-0.02420639654553796,-0.02549493462944052,-0.036150685512741754,-0.04673542350523151,-0.06623631314396887,-0.06623631314396887,-0.06465865845426855,-0.06465865845426855,-0.06271564818701092,-0.06271564818701092,-0.05669863707786328,-0.05745006296223924,-0.058380875587152985,-0.057890930450775036,-0.06116385293518594,-0.063241177537228,-0.0764298197817263,-0.07909729248604806,-0.12460135930985393,0.0014378588901130273,0.004428796788374522,-0.011030930272061163,-0.011030930272061163,-0.032925305209066474
0.0,0.0,0.0,0.0,0.0,0.0,0.0,0.0,0.0,0.0,0.12708371491537052,0.16032304213893478,0.16677220110215749,0.13744768951942704,0.05361154656957757,0.012987618736460435,0.016350107835739983,-0.00041362773555422947,0.04899758038745309,0.007762424721986609,0.03148400667141376,0.03148400667141376,0.037052839362743395,0.037052839362743395,0.022133905066272688,0.02169394799429571,0.01719788665067795,0.012897593451611655,0.01583886635309587,0.009904964462973552,-0.012586035599843724,-0.011916236602815291,-0.02549493462944052,-0.025439591006673347,-0.04673542350523151,-0.0734019133446324,-0.08000506501734249,-0.06145268352286344,-0.06145268352286344,-0.0594394281206469,-0.052738969813650366,-0.05534062855928245,-0.051735740465340574,-0.055417787147043505,-0.047675388017331594,-0.057783158533585635,-0.052943161683761626,-0.06541491627871965,-0.05871928370168902,-0.01577118383835344,0.0017250012258108877,0.000525191163008422,-5.181436602313969e-5,-0.005182027266147396,-0.005182027266147396
0.0,0.0,0.0,0.0,0.0,0.0,0.0,0.0,0.0,0.0,0.0,0.16032304213893478,0.2298307525532345,0.13744768951942704,-0.00099110166053042,0.012987618736460435,-0.0004527563948726045,-0.00041362773555422947,0.0,0.007762424721986609,0.0005894910885145271,0.0005894910885145271,0.018721257322665552,0.018721257322665552,0.022133905066272688,0.014867964836145333,0.01719788665067795,0.019446428256771398,0.01583886635309587,0.023065005310352146,0.016998685642141544,0.02463052352295981,-0.000175700630387842,0.0075902089085267315,-0.034728491309454164,-0.04439943865132016,-0.07437383269865237,-0.05401569678760485,-0.05401569678760485,-0.055285804336432584,-0.04150919475625178,-0.0460337324305112,-0.045112853760895556,-0.04562368018036941,-0.0341941438389336,-0.04179566051601567,-0.036054136708483425,-0.043306492153908686,-0.0038867107078713217,0.001241681853905648,0.002943654668938235,0.0029479180625220486,0.001687611571617905,-0.0006337778614152205,-0.0006337778614152205
0.0,0.0,0.0,0.0,0.0,0.0,0.0,0.0,0.0,0.0,0.0,0.0,0.0,0.0,0.0,0.0,0.0,0.0,0.0,0.0,0.0,0.0009143313126864722,0.0010033126626945404,0.0010033126626945404,0.007719968978686806,0.012558162380315126,0.017218561516423685,0.02298771347201255,0.027390272727569533,0.03139773838646146,0.0278287226315343,0.04115393345197325,0.03471315490222845,0.03756772054006845,0.0025107278564038605,-0.004348950613811757,-0.04728440487900296,-0.04271185104879076,-0.04711362235110838,-0.04711362235110838,-0.03812287204118531,-0.03741925986445782,-0.0378937662491772,-0.03699093856275729,-0.022982439610956064,-0.024654193578983324,-0.017622039997432757,-0.02295707728056239,-0.0016010355563838138,-8.172367987853254e-5,-0.003188078134582706,0.00024348098244587394,0.00024348098244587394,-0.0017874491265042604,-0.0017874491265042604
0.00012130176786848352,0.0,0.0,0.0,0.0,0.0,0.0,0.0,0.0,0.0,0.0,0.0,0.0,0.0,0.0,0.0,0.0,0.0,0.0,0.0,0.0,0.0,0.0,0.0035536619555662985,0.0035536619555662985,0.0056705950502937575,0.013550331132790899,0.02122893177797413,0.030891874681087308,0.033053102724514796,0.04075747813150772,0.05719712715154938,0.05150574085601589,0.051263905142710016,0.03687487141986791,0.035774558492641675,-0.0022869899901570155,-0.0022869899901570155,-0.03999660307712022,-0.03999660307712022,-0.032948726610972714,-0.032948726610972714,-0.0378937662491772,-0.030990977977273355,-0.022982439610956064,-0.016670364948901825,-0.017622039997432757,-0.007745207336059854,-0.0016010355563838138,-0.006557585005167355,-0.003188078134582706,-0.007160197652767613,-0.002945549670969455,-0.0076231822409814085,-0.0076231822409814085
0.00012130176786848352,0.0,0.0,0.0,0.0,0.0,0.0,0.0,0.0,0.0,0.0,0.0,0.0,0.0,0.0,0.0,0.0,0.0,0.0,0.0,0.0,0.0,0.0,0.0024337509457917467,0.0024337509457917467,0.00734082195444421,0.011359620536340657,0.02034323481855397,0.029053996716722118,0.026925741277195506,0.03777593994533676,0.05719712715154938,0.06693114043759982,0.051263905142710016,0.046279588439596245,0.035774558492641675,0.020472574641037737,-0.010018428021998715,-0.019843967793080796,-0.019843967793080796,-0.04052578868910428,-0.034765467146525814,-0.03136873994299445,-0.031818352374504436,-0.024726004243388125,-0.012384005190432965,-0.010383551121679989,-0.007727820933681125,-0.005602446324830591,-0.012628999309242543,-0.012579500233188746,-0.013490236071258361,-0.008792180351725165,-0.011975067470821736,-0.004702309983763245
0.0,0.0,0.0,0.0,0.0,0.0,0.0,0.0,0.0,0.0,-4.1672581937755105e-6,-4.1672581937755105e-6,0.0,0.0,7.523773496974853e-7,0.0,0.0,0.0,0.0,0.0,0.0,0.0,0.0,0.0,0.0,0.00734082195444421,0.012544781209563078,0.02034323481855397,0.0,0.026925741277195506,0.00012566668945506764,0.037423995962072173,0.03931133511745314,0.058714830840147066,0.05284043401197366,0.03484203889197548,0.02188277718559337,0.0064333362848688685,-0.009137541207595723,-0.009137541207595723,-0.03015333953109485,-0.03520508057010191,-0.0349243198221708,-0.02833930120941862,-0.020230651512085536,-0.003964443502287209,-0.0044400653564288725,-0.04372979728896478,-0.01907976467392122,-0.02081110084204803,-0.017348690698806957,-0.015459632234015757,-0.013884493376541655,-0.015502340039923259,-0.011243541139674506
0.0,0.0,0.0,0.0,0.0,0.0,0.0,0.0,-4.140208730916242e-6,-4.140208730916242e-6,-4.140208730916242e-6,-4.1672581937755105e-6,8.696513753168824e-7,8.696513753168824e-7,7.523773496974853e-7,7.523773496974853e-7,6.551532146624416e-10,6.551532146624416e-10,6.551532146624416e-10,0.0,0.0,0.0,0.0,0.0,0.0,0.0,0.0,0.0,0.0,0.0,0.0,0.005092579734248305,0.004713974681304387,0.03340310152234284,0.04973469927954509,0.04894339751862576,0.041496566277357906,0.013462383234286977,0.009668173426894338,-0.01585353831058469,-0.01585353831058469,-0.017332954669747998,-0.03892283128076758,-0.042768528509665074,-0.012623518134246276,0.013447915562147287,-0.10664885622185655,-0.0790941550166,-0.02980226109934561,-0.008903521590417175,-0.010729719069986291,-0.006194732774088877,-0.01469056924871004,-0.01469056924871004,-0.012884062273940813
0.0,0.0,0.0,0.0,0.0,0.0,0.0,0.0,-4.113159268056967e-6,-4.113159268056967e-6,-4.140208730916242e-6,-4.140208730916242e-6,8.696513753168824e-7,8.696513753168824e-7,8.696513753168824e-7,8.696513753168824e-7,6.551532146624416e-10,6.551532146624416e-10,6.551532146624416e-10,5.332639877086824e-10,0.0,0.0,0.0,0.0,0.0,0.0,0.0,0.0,0.0,0.0,0.0,0.0,0.024924641399813877,0.03861958906700017,0.07111734982746176,0.06420856231144838,0.06105044532884837,0.03652555810088844,0.03652555810088844,0.0036201479304387558,0.0036201479304387558,-0.05612166359492508,-0.05612166359492508,-0.042768528509665074,-0.027385109091063006,0.013447915562147287,-0.09495336357728812,-0.0790941550166,-0.009828984297115826,-0.008903521590417175,-0.0009803262199654852,-0.006194732774088877,-0.002359752608896978,-0.006803014029342171,-0.010689200320482784
0.0,0.0,0.0,0.0,0.0,0.0,0.0,0.0,0.0,0.0,0.0,0.0,9.869254009362794e-7,9.869254009362794e-7,8.696513753168824e-7,0.0,6.551532146624416e-10,-9.181161083317423e-10,5.332639877086824e-10,-1.1316347726137194e-9,0.0,0.0,0.0,0.0,0.0,0.0,0.0,0.0,0.0,0.0,0.0,0.0,0.02487163611430391,0.053192416618616165,0.07111734982746176,0.07447770247969919,0.06105044532884837,0.04265088266334262,0.0233290694697859,-0.019815758460098067,-0.019815758460098067,-0.06816565730638827,-0.06816565730638827,-0.06453015372134492,-0.019386619450702882,-0.11979140058781827,-0.09094474641023968,-0.0820921835996667,0.0,-0.0013915590544671212,0.0,0.0012235529207788077,0.0015691260515445077,-0.004530948052624968,-0.0071188889589858945
0.0,0.0,0.0,0.0,0.0,0.0,0.0,0.0,0.0,0.0,0.0,9.869254009362794e-7,9.869254009362794e-7,9.869254009362794e-7,0.0,-2.0643481027619503e-9,-2.369496204372157e-9,-2.369496204372157e-9,-1.1316347726137194e-9,-2.674644305982369e-9,0.0,0.001278382627742644,0.0,0.0,0.0,0.0,0.0,0.0,0.0,0.0,0.0,0.002207590177820731,0.02487163611430391,0.01986818511441733,0.04972323945672854,0.0370816287113881,0.05172071776403111,0.004704412514153473,0.003190145040856905,-0.027353433326135376,-0.027353433326135376,-0.037835008317143114,-0.04239117886503352,-0.06332735887631502,-0.0868293385144678,-0.031063866126479454,-0.0022823475995418317,0.0,0.0,0.0,0.0,0.001452769724167573,0.001452769724167573,-0.0049036025261803475,-0.003717567818875398
0.0,0.0,0.0,0.0,0.0,0.0,0.0,0.0,0.0,0.0,0.0,0.0,0.0,0.0,0.0,-2.0643481027619503e-9,-2.369496204372157e-9,-2.369496204372157e-9,-2.674644305982369e-9,-2.674644305982369e-9,0.0,0.001278382627742644,0.001278382627742644,0.001278382627742644,-0.007812167817266494,-0.007812167817266494,-0.001477045733309704,-0.001477045733309704,0.0,0.0,0.0,0.000746368784497609,0.0064225845929961915,-0.02122820554545966,-0.008800690585566208,-0.02451453740408923,-0.006159742246815204,-0.03432204717658561,-0.026625156998357997,-0.027856757576060195,-0.031211812329149127,-0.031211812329149127,-0.00282407862127239,-0.04266654407443739,-0.06918147773835076,-0.07370658137165802,0.012524854504148272,0.0,0.0,0.0,0.0,0.001452769724167573,0.0005418522998738493,0.000641288841536242,0.000641288841536242
0.0,0.0,0.0,0.0,0.0,0.0,0.0,0.0,0.0,0.0,0.0,0.0,0.0,0.0,0.0,0.0,0.0,-2.369496204372157e-9,0.0,0.0007293243711312621,0.0007293243711312621,0.001278382627742644,-0.007403437336703698,-0.007403437336703698,-0.007812167817266494,-0.0032184750800195,-0.0032184750800195,-0.001477045733309704,0.000264383613400104,-0.0008596576292941665,0.0,0.000861419703578668,0.000746368784497609,-0.04379147040566876,-0.06471648399861875,-0.07565172855633234,-0.06047884347108879,-0.05373900019086255,-0.036514527623350536,-0.036514527623350536,-0.009486191868057227,-0.009486191868057227,-0.021504406167274136,-0.021504406167274136,-0.02126053904288039,-0.032925788390147204,0.012524854504148272,0.0,-0.001349721146235116,0.0,0.0,0.0,0.0005418522998738493,0.0005418522998738493,0.0016098137912354071
0.0,0.0,0.0,0.0,0.0,0.0,0.0,0.0,0.0,0.0,0.0,0.0,0.0,0.0,0.0,0.0,0.0,0.0,0.0,0.0007293243711312621,-0.0018099635566754249,-0.0042329815785431355,-0.009411681703553729,-0.014654289408394578,-0.016122812012327997,-0.011277757221228504,-0.011277757221228504,-0.012806186682928156,-0.006672157066748864,-0.008984337293465188,1.1030251565950948e-5,0.0004463741919960102,-0.03159846926681282,-0.061444509181300434,-0.07248555609330007,-0.07565172855633234,-0.0770391213930761,-0.05373900019086255,-0.04255082583174768,-0.02158750851167603,-0.006069670245804192,-0.006069670245804192,0.03049458807055604,0.03049458807055604,-0.02126053904288039,0.012895799442380425,0.005852450821228622,0.0012779759258262132,-0.001349721146235116,0.0002670298549111538,0.0,6.659330842516722e-6,6.659330842516722e-6,0.0003280893526951016,0.001028426913613823
0.0,0.0,0.0,0.0,0.0,0.0,0.0,0.0,0.0,0.0,0.0,0.0,0.0,0.0,0.0,0.0,0.0,0.0,0.0015742262054455045,0.00041916595762360947,-0.0003134433730411683,-0.0035436787952197843,-0.005652947292118625,-0.014596465535008813,-0.014596465535008813,-0.016787342999971328,-0.016787342999971328,-0.030694520745686987,-0.030694520745686987,-0.008984337293465188,-0.022363874132182215,0.0004463741919960102,-0.03877978990698729,-0.061444509181300434,-0.09691653583171517,-0.08813554724656215,-0.0951112363110356,-0.07372083991068282,-0.04835273078136792,-0.012301059869912163,0.012068043008488736,0.012068043008488736,0.027078740619339712,0.03257306430996596,0.04458928291687804,0.03584485692969436,0.012901754916331097,0.002996973978103878,-0.004227133628017903,-0.004857464368336164,0.0,3.329665421258361e-6,3.329665421258361e-6,0.0,0.0006183880143368044
0.0,0.0,0.0,0.0,0.0,0.0,0.0,0.0,0.0,0.0,0.0,0.0,0.0,0.0,0.0,0.0,0.0,0.0,0.0015742262054455045,0.002648295471922659,-0.0003134433730411683,-0.003168481213406964,-0.005652947292118625,-0.01398683468903069,-0.01851070276243541,-0.03150551013192605,-0.03150551013192605,-0.02872045576585168,-0.039518442555755096,-0.034238397178641494,-0.0569536170027986,-0.03841206647239372,-0.07807758017659282,-0.07338220075791625,-0.10225850700180167,-0.10719895323266324,-0.10957936655209544,-0.09459888402046644,-0.050709408199585124,-0.009339618956914297,0.01898928165255305,0.0352821670421154,0.0352821670421154,0.029830218881955764,0.037892859762808866,0.0260215727824203,0.021239325835105054,0.009855444158753885,-0.0007714985465135186,-0.00713725849909231,0.0,3.329665421258361e-6,0.0,0.0,0.0
0.0,0.0,0.0,0.0,0.0,0.0,0.0,0.0,0.0,0.0,0.0,0.0,0.0,0.0,0.0,0.0,0.0,0.0007804493683170752,0.0015742262054455045,0.002047310104394817,-0.0004207313879065209,-0.0001659926878100919,-0.010184230300224001,-0.016677450177153608,-0.02249307341118073,-0.03656952913040469,-0.044642585011098676,-0.044642585011098676,-0.06970820327627779,-0.06883550012304339,-0.10408840891977582,-0.07131615237570664,-0.10325748544890577,-0.09052251386824196,-0.1113771366421567,-0.10655052638593908,-0.0896575137445094,-0.09173674084381592,-0.0602717181075897,-0.041429545709031367,0.0402729533818947,0.029032999910233125,0.029032999910233125,0.0223479755668119,0.0223479755668119,0.013760818669958885,0.013442560864256057,0.009855444158753885,0.002984601372400592,-0.00713725849909231,-0.004601406270456164,-0.0020655540418200277,0.0,0.0,0.0
1.855899143353346e-11,0.0,0.0,0.0,0.0,0.0,0.0,0.0,0.0,0.0,0.0,0.0,0.0,0.0,0.0,0.0,0.0,-7.821746983345457e-5,0.0007804493683170752,-0.0009396251293763052,-0.00013383368612287098,-0.0026747890955685976,-0.00814847903290088,-0.015747128949361783,-0.025420968454775508,-0.036291438794681406,-0.051932341679966194,-0.051932341679966194,-0.09440926110303556,-0.11470871463152547,-0.12576323336638767,-0.10830338753087744,-0.10197452557377593,-0.10292475397527537,-0.10242800560407013,-0.09238289661724805,-0.06606251252588435,-0.05677534650754118,-0.0602717181075897,0.019836921969705077,0.0402729533818947,0.023216642157374855,0.023216642157374855,0.014059336465834774,0.014059336465834774,0.013760818669958885,0.007489815154822445,0.006797965645763079,-0.0009760966145437762,-0.0013671214071362676,-0.0016957295516055754,-0.0020655540418200277,0.0,0.0,0.0
1.855899143353346e-11,0.0,0.0,0.0,0.0,0.0,0.0,0.0,0.0,0.0,0.0,0.0,0.0,0.0,0.0,0.0001258893623061687,-7.821746983345457e-5,0.006980818431287469,0.0003835609497528551,0.012065888469069669,-0.00019307366117860697,0.007371091738255396,-0.006571916828620986,-4.311542867528123e-5,-0.02831762316403754,-0.02831762316403754,-0.05817855549127082,-0.05817855549127082,-0.11899449075655667,-0.11899449075655667,-0.12576323336638767,-0.12721564204985206,-0.10197452557377593,-0.080548626860238,-0.10242800560407013,-0.07543755488113278,-0.06606251252588435,-0.04109468356490082,-0.037608701689564705,0.023140661722510256,0.029513819222433558,0.013196026127339243,0.013196026127339243,0.013256124820020478,0.006201313247945714,0.008178315103988554,0.004966423651040595,0.0028107978528422095,0.0013598978397794947,-0.0016957295516055754,-0.0015597158927396475,-0.0011697871931049093,0.0,0.0,0.0
1.8367190035364514e-11,0.0,0.0,0.0,0.0,0.0,0.0,0.0,0.0,0.0,0.0,0.0,0.0,0.0001258893623061687,0.0001258893623061687,0.0001258893623061687,0.00013306174867644936,0.006980818431287469,0.01960321088441903,0.012065888469069669,0.009333457531825797,0.007371091738255396,0.008101728096693276,-4.311542867528123e-5,-0.02244712098009031,-0.04655947840381865,-0.04164940967409353,-0.04164940967409353,-0.08727430546550263,-0.09998475531603224,-0.1302000233737456,-0.06640258317480044,-0.08297987046091847,-0.05949885429149386,-0.07595526596837561,-0.0481273000116214,-0.038254552305960636,-0.012645579861740355,-0.0057548040871991364,0.0003641491915864628,0.013949673904648383,0.0007972131102628346,0.001727811182903296,0.001727811182903296,-0.003133729955255631,0.0010904638948730685,0.0019875433289337917,0.0026063184133044846,0.003617942610170976,-0.0013067968181994462,-0.0006438448346042415,-0.0006438448346042415,0.00870999319932549,0.0,0.03003917780823388
1.8367190035364514e-11,3.76195548909706e-11,3.5866384764737673e-11,0.0,0.0,0.0,0.0,0.0,0.0,0.0,0.0,0.0,0.0,0.0,0.0,0.0001258893623061687,0.00013306174867644936,0.013937800916338623,0.0196760280860458,0.023308715422686747,0.018505515262450922,0.017433572749586936,0.022593592119330937,0.017864377959762378,0.013306710627815526,-0.030253127426186036,-0.015608022218193072,-0.041984764275942346,-0.041984764275942346,-0.016592297934238946,-0.06041662466415936,-0.02213086401654283,-0.036730448456154766,-0.05143149923478491,-0.052406616273275836,-0.03240305784959076,-0.007291375343605342,0.0314442246754966,0.008699430816998829,-0.008631262789069283,-0.004813060192868045,-0.006265748275939057,-0.006630568344036822,-0.006630568344036822,-0.007668866638779915,-0.007668866638779915,-0.006210300244589688,-0.003550893844612219,-0.0009726166102670145,0.004629566807037576,-0.0006438448346042415,-1.1554067745449961e-9,0.00870999319932549,0.01741998755405776,0.03003917780823388
0.0,3.76195548909706e-11,3.5866384764737673e-11,2.7546348230815666e-10,0.0,0.0,0.0,0.0,0.0,0.0,0.0,0.0,0.0,0.0,0.0,0.0,0.0,0.0,0.0,0.031152482425460187,0.015325065831612588,0.015303381822293823,0.041131432939777904,0.023265108361563334,0.017106381907638947,-0.008367015819296846,0.00077332989508138,-0.0038762094056185694,-0.0038762094056185694,-0.0014742219982140123,-0.0032164003917577507,-0.06134079004378875,-0.05589186667751384,-0.05681687447429532,-0.05245577499117586,-0.03479451543022863,0.0012863416751134676,-0.022622839739932427,-0.0006807440968070077,-0.008631262789069283,-0.010748438374983557,-0.006265748275939057,-0.012250000123209948,-0.012250000123209948,-0.012804092041804688,-0.012804092041804688,-0.006210300244589688,-0.011441397342617489,-0.0009726166102670145,-0.0006719020032167121,-0.0005215446996914849,0.002400398041634401,0.0016002649963560306,0.01741998755405776,0.03003917780823388
0.0,0.0,1.2746580305278815e-10,3.7446060355220384e-10,0.0,6.573752877396368e-11,0.0,0.0,0.0,0.0,0.0,0.0,0.0,0.0,0.0,0.0,0.0,0.0,0.0,0.0,0.0004637232765151204,0.026499226370841598,0.025610714090107407,0.04161922605239515,0.03335450811657086,0.012764173886510636,0.012764173886510636,-0.0027950054815559632,-0.0027950054815559632,-0.0442907274693423,-0.0442907274693423,-0.06134079004378875,-0.08555348112201171,-0.05681687447429532,-0.033751225300158644,-0.03479451543022863,-0.07724889307831807,-0.022622839739932427,-0.024514555560269095,-0.01990701600770443,-0.024980695750245474,-0.013713303931427272,-0.024513282906324742,-0.024513282906324742,-0.015135721613550385,-0.019262061741292465,-0.011677661815680451,-0.011827774846377035,-0.00976234566054913,-0.0047143766486618536,-0.0003992445647787293,0.0009410666475405565,0.0033682915824404303,0.0033682915824404303,-0.0028127858898998317
