src/extreme_event_grid.json
{"header": { "parameterCategory": 2, "lo2": 359, "nx": 360, "ny": 181, "lo1": 0, "parameterNumber": 3, "dx": 1, "dy": 1, "parameterNumberName": "V-component_of_wind", "la1": 90, "la2": -90 }, "meta": { "date": "2014-11-30T12:00:00.000Z" }, "data":
[rows 0 to 35 of 181, columns 164 to 245 of 360]
-9.54,-9.52,-9.49,-9.46,-9.43,-9.39,-9.35,-9.31,-9.27,-9.22,-9.17,-9.12,-9.06,-9.01,-8.94,-8.88,-8.81,-8.75,-8.67,-8.6,-8.52,-8.44,-8.36,-8.28,-8.19,-8.1,-8.01,-7.91,-7.81,-7.71,-7.61,-7.51,-7.4,-7.29,-7.18,-7.07,-6.95,-6.84,-6.72,-6.6,-6.47,-6.35,-6.22,-6.09,-5.96,-5.83,-5.69,-5.55,-5.42,-5.28,-5.14,-4.99,-4.85,-4.7,-4.55,-4.41,-4.26,-4.1,-3.95,-3.8,-3.64,-3.49,-3.33,-3.17,-3.01,-2.85,-2.69,-2.53,-2.37,-2.2,-2.04,-1.87,-1.71,-1.54,-1.38,-1.21,-1.04,-0.88,-0.71,-0.54,-0.37,-0.2
-10.94,-10.94,-10.94,-10.93,-10.91,-10.9,-10.88,-10.86,-10.83,-10.79,-10.75,-10.71,-10.66,-10.61,-10.56,-10.51,-10.44,-10.37,-10.3,-10.22,-10.13,-10.05,-9.96,-9.86,-9.76,-9.65,-9.54,-9.42,-9.3,-9.18,-9.05,-8.91,-8.77,-8.63,-8.49,-8.34,-8.18,-8.02,-7.86,-7.7,-7.53,-7.35,-7.18,-7.01,-6.83,-6.64,-6.46,-6.28,-6.09,-5.9,-5.7,-5.52,-5.32,-5.12,-4.93,-4.73,-4.53,-4.33,-4.14,-3.94,-3.73,-3.54,-3.34,-3.13,-2.94,-2.74,-2.54,-2.34,-2.14,-1.94,-1.74,-1.55,-1.35,-1.15,-0.96,-0.76,-0.57,-0.37,-0.18,0.01,0.2,0.39
-14.09,-14.07,-14.04,-14,-13.96,-13.9,-13.85,-13.79,-13.72,-13.65,-13.57,-13.5,-13.41,-13.32,-13.23,-13.13,-13.02,-12.92,-12.79,-12.66,-12.53,-12.39,-12.24,-12.07,-11.9,-11.72,-11.53,-11.32,-11.12,-10.9,-10.66,-10.42,-10.18,-9.92,-9.67,-9.39,-9.13,-8.84,-8.57,-8.29,-8,-7.71,-7.42,-7.14,-6.85,-6.57,-6.29,-6.01,-5.73,-5.46,-5.19,-4.93,-4.67,-4.42,-4.16,-3.92,-3.67,-3.44,-3.21,-2.98,-2.76,-2.55,-2.33,-2.13,-1.92,-1.73,-1.54,-1.36,-1.17,-1,-0.82,-0.66,-0.49,-0.33,-0.18,-0.03,0.12,0.26,0.4,0.53,0.66,0.79
-18.29,-18.27,-18.23,-18.18,-18.1,-18.01,-17.91,-17.79,-17.66,-17.51,-17.36,-17.19,-17.02,-16.82,-16.63,-16.43,-16.21,-15.98,-15.74,-15.49,-15.23,-14.95,-14.66,-14.35,-14.03,-13.7,-13.36,-13,-12.63,-12.24,-11.84,-11.43,-11.01,-10.58,-10.16,-9.72,-9.28,-8.84,-8.41,-7.99,-7.56,-7.15,-6.74,-6.33,-5.94,-5.56,-5.19,-4.83,-4.48,-4.13,-3.8,-3.48,-3.16,-2.85,-2.55,-2.25,-1.97,-1.69,-1.43,-1.17,-0.92,-0.68,-0.44,-0.23,-0.01,0.19,0.39,0.57,0.75,0.91,1.07,1.21,1.35,1.48,1.59,1.7,1.79,1.88,1.96,2.03,2.09,2.14
-21.42,-21.43,-21.43,-21.42,-21.39,-21.35,-21.29,-21.22,-21.13,-21.01,-20.88,-20.72,-20.54,-20.34,-20.12,-19.88,-19.61,-19.32,-19.01,-18.67,-18.3,-17.91,-17.49,-17.05,-16.59,-16.11,-15.6,-15.09,-14.55,-14,-13.44,-12.87,-12.29,-11.72,-11.13,-10.56,-9.99,-9.43,-8.87,-8.33,-7.8,-7.27,-6.76,-6.27,-5.78,-5.31,-4.85,-4.4,-3.97,-3.54,-3.13,-2.73,-2.34,-1.96,-1.59,-1.24,-0.89,-0.56,-0.24,0.08,0.38,0.68,0.97,1.25,1.52,1.79,2.04,2.29,2.53,2.75,2.97,3.18,3.37,3.54,3.71,3.86,3.99,4.1,4.2,4.28,4.34,4.38
-24.8,-24.71,-24.55,-24.35,-24.13,-23.88,-23.63,-23.39,-23.15,-22.94,-22.75,-22.57,-22.4,-22.23,-22.06,-21.86,-21.64,-21.39,-21.1,-20.78,-20.42,-20.04,-19.62,-19.16,-18.67,-18.16,-17.61,-17.04,-16.44,-15.83,-15.2,-14.56,-13.9,-13.24,-12.57,-11.9,-11.22,-10.56,-9.89,-9.24,-8.59,-7.96,-7.34,-6.73,-6.14,-5.56,-4.99,-4.45,-3.92,-3.41,-2.92,-2.45,-2,-1.59,-1.19,-0.81,-0.46,-0.12,0.2,0.51,0.81,1.12,1.42,1.73,2.05,2.37,2.7,3.05,3.39,3.73,4.07,4.4,4.72,5.02,5.31,5.57,5.81,6.02,6.21,6.37,6.49,6.59
-27.29,-27.54,-27.66,-27.64,-27.49,-27.24,-26.87,-26.43,-25.93,-25.38,-24.81,-24.23,-23.69,-23.19,-22.76,-22.4,-22.09,-21.82,-21.57,-21.32,-21.05,-20.76,-20.41,-20.02,-19.58,-19.08,-18.52,-17.92,-17.28,-16.61,-15.92,-15.21,-14.51,-13.82,-13.14,-12.47,-11.84,-11.22,-10.62,-10.03,-9.46,-8.89,-8.32,-7.75,-7.16,-6.56,-5.94,-5.32,-4.68,-4.05,-3.43,-2.83,-2.25,-1.72,-1.24,-0.82,-0.45,-0.14,0.13,0.36,0.59,0.82,1.08,1.38,1.73,2.13,2.58,3.07,3.58,4.1,4.6,5.09,5.54,5.93,6.28,6.57,6.81,6.99,7.12,7.21,7.25,7.25
-25.5,-26.34,-27.11,-27.8,-28.38,-28.8,-29.04,-29.09,-28.94,-28.6,-28.1,-27.47,-26.75,-25.96,-25.13,-24.31,-23.51,-22.78,-22.14,-21.59,-21.13,-20.74,-20.39,-20.05,-19.68,-19.27,-18.83,-18.34,-17.81,-17.26,-16.69,-16.1,-15.5,-14.89,-14.25,-13.6,-12.93,-12.25,-11.55,-10.84,-10.14,-9.45,-8.76,-8.09,-7.45,-6.83,-6.23,-5.65,-5.08,-4.52,-3.95,-3.37,-2.8,-2.23,-1.68,-1.18,-0.74,-0.39,-0.12,0.09,0.25,0.4,0.58,0.84,1.2,1.66,2.23,2.86,3.52,4.17,4.77,5.3,5.74,6.09,6.35,6.53,6.64,6.69,6.68,6.59,6.43,6.2
-22.19,-22.8,-23.47,-24.2,-24.97,-25.76,-26.52,-27.22,-27.78,-28.18,-28.37,-28.33,-28.07,-27.6,-26.96,-26.2,-25.36,-24.49,-23.64,-22.84,-22.12,-21.48,-20.92,-20.41,-19.93,-19.48,-19.03,-18.57,-18.08,-17.58,-17.04,-16.48,-15.89,-15.28,-14.63,-13.97,-13.27,-12.54,-11.79,-11.02,-10.24,-9.46,-8.7,-7.97,-7.28,-6.66,-6.13,-5.7,-5.35,-5.06,-4.79,-4.5,-4.14,-3.67,-3.12,-2.5,-1.89,-1.34,-0.91,-0.62,-0.45,-0.34,-0.22,0.01,0.41,0.98,1.7,2.52,3.37,4.16,4.84,5.38,5.76,6.01,6.14,6.19,6.18,6.1,5.96,5.75,5.44,5.03
-20.27,-20.64,-20.99,-21.35,-21.73,-22.18,-22.72,-23.32,-23.99,-24.68,-25.34,-25.91,-26.32,-26.53,-26.51,-26.27,-25.83,-25.24,-24.54,-23.81,-23.07,-22.35,-21.67,-21.05,-20.46,-19.89,-19.34,-18.78,-18.22,-17.63,-17.01,-16.36,-15.66,-14.93,-14.17,-13.41,-12.67,-11.96,-11.32,-10.72,-10.16,-9.61,-9.04,-8.42,-7.77,-7.1,-6.48,-5.97,-5.61,-5.43,-5.37,-5.38,-5.34,-5.14,-4.75,-4.16,-3.46,-2.77,-2.22,-1.87,-1.71,-1.66,-1.57,-1.34,-0.87,-0.16,0.74,1.7,2.63,3.44,4.09,4.57,4.92,5.18,5.36,5.48,5.54,5.54,5.47,5.35,5.17,4.95
-18.41,-18.9,-19.29,-19.58,-19.8,-19.97,-20.15,-20.37,-20.66,-21.06,-21.57,-22.15,-22.76,-23.33,-23.79,-24.1,-24.21,-24.1,-23.81,-23.35,-22.75,-22.07,-21.35,-20.6,-19.86,-19.13,-18.43,-17.76,-17.11,-16.47,-15.84,-15.22,-14.61,-14,-13.39,-12.78,-12.18,-11.59,-11.04,-10.51,-10.03,-9.6,-9.22,-8.84,-8.43,-7.97,-7.46,-6.96,-6.55,-6.3,-6.25,-6.35,-6.47,-6.44,-6.16,-5.61,-4.87,-4.13,-3.56,-3.28,-3.25,-3.35,-3.36,-3.13,-2.59,-1.77,-0.82,0.11,0.89,1.48,1.9,2.22,2.51,2.79,3.08,3.34,3.53,3.63,3.61,3.49,3.31,3.08
-16.32,-16.88,-17.33,-17.67,-17.91,-18.05,-18.14,-18.2,-18.29,-18.46,-18.72,-19.11,-19.6,-20.15,-20.69,-21.16,-21.49,-21.63,-21.57,-21.3,-20.86,-20.29,-19.62,-18.9,-18.15,-17.4,-16.67,-15.97,-15.32,-14.7,-14.12,-13.54,-12.96,-12.41,-11.87,-11.39,-10.95,-10.55,-10.15,-9.73,-9.29,-8.85,-8.46,-8.15,-7.94,-7.79,-7.7,-7.63,-7.56,-7.53,-7.55,-7.64,-7.72,-7.68,-7.42,-6.9,-6.21,-5.55,-5.11,-5,-5.2,-5.49,-5.63,-5.41,-4.79,-3.89,-2.92,-2.1,-1.51,-1.17,-0.97,-0.79,-0.58,-0.3,0.02,0.34,0.63,0.89,1.08,1.22,1.31,1.38
-14.08,-14.54,-14.92,-15.2,-15.4,-15.55,-15.64,-15.75,-15.88,-16.07,-16.35,-16.71,-17.15,-17.62,-18.09,-18.49,-18.76,-18.87,-18.81,-18.57,-18.17,-17.65,-17.05,-16.4,-15.75,-15.14,-14.56,-13.99,-13.4,-12.78,-12.13,-11.48,-10.87,-10.3,-9.81,-9.38,-9,-8.67,-8.36,-8.08,-7.81,-7.57,-7.42,-7.36,-7.43,-7.62,-7.87,-8.12,-8.33,-8.44,-8.49,-8.5,-8.47,-8.39,-8.2,-7.87,-7.45,-7.05,-6.84,-6.95,-7.32,-7.76,-7.99,-7.8,-7.17,-6.28,-5.36,-4.64,-4.17,-3.89,-3.66,-3.38,-3.01,-2.58,-2.14,-1.74,-1.42,-1.18,-0.99,-0.81,-0.59,-0.34
-11.14,-11.44,-11.71,-11.95,-12.18,-12.41,-12.65,-12.92,-13.23,-13.61,-14.02,-14.48,-14.94,-15.37,-15.75,-16.03,-16.2,-16.25,-16.15,-15.94,-15.62,-15.23,-14.82,-14.41,-13.97,-13.48,-12.88,-12.15,-11.32,-10.46,-9.65,-8.97,-8.42,-7.97,-7.6,-7.27,-6.99,-6.73,-6.53,-6.39,-6.31,-6.3,-6.37,-6.52,-6.75,-7.06,-7.43,-7.82,-8.2,-8.51,-8.75,-8.9,-8.97,-8.96,-8.86,-8.69,-8.46,-8.28,-8.29,-8.54,-9.02,-9.56,-9.88,-9.83,-9.37,-8.66,-7.92,-7.31,-6.88,-6.53,-6.16,-5.69,-5.09,-4.43,-3.78,-3.17,-2.61,-2.11,-1.66,-1.25,-0.87,-0.47
-8.35,-8.62,-8.88,-9.16,-9.45,-9.76,-10.09,-10.44,-10.82,-11.22,-11.63,-12.04,-12.44,-12.79,-13.09,-13.31,-13.46,-13.51,-13.47,-13.33,-13.1,-12.8,-12.42,-11.96,-11.44,-10.84,-10.17,-9.48,-8.82,-8.22,-7.71,-7.28,-6.92,-6.6,-6.32,-6.08,-5.89,-5.76,-5.69,-5.66,-5.72,-5.86,-6.1,-6.42,-6.8,-7.2,-7.57,-7.93,-8.25,-8.53,-8.77,-8.96,-9.11,-9.22,-9.27,-9.27,-9.22,-9.19,-9.26,-9.5,-9.92,-10.42,-10.84,-11.04,-10.95,-10.65,-10.25,-9.83,-9.44,-9.02,-8.56,-8.08,-7.59,-7.15,-6.7,-6.11,-5.27,-4.19,-3.03,-1.86,-0.81,-0.08
-5.76,-6,-6.25,-6.53,-6.82,-7.13,-7.45,-7.79,-8.13,-8.47,-8.81,-9.13,-9.42,-9.69,-9.92,-10.11,-10.25,-10.34,-10.38,-10.35,-10.25,-10.07,-9.82,-9.5,-9.12,-8.7,-8.25,-7.8,-7.37,-6.97,-6.63,-6.39,-6.23,-6.18,-6.21,-6.32,-6.47,-6.64,-6.78,-6.86,-6.85,-6.76,-6.63,-6.56,-6.62,-6.84,-7.19,-7.6,-7.98,-8.29,-8.5,-8.66,-8.8,-8.95,-9.12,-9.31,-9.51,-9.7,-9.91,-10.17,-10.48,-10.84,-11.18,-11.44,-11.57,-11.59,-11.52,-11.41,-11.25,-10.97,-10.55,-9.98,-9.43,-8.96,-8.48,-7.88,-7.05,-6.05,-5.14,-4.24,-3.38,-2.97
-3.38,-3.52,-3.69,-3.89,-4.11,-4.36,-4.64,-4.93,-5.24,-5.55,-5.87,-6.17,-6.46,-6.72,-6.97,-7.19,-7.38,-7.53,-7.63,-7.68,-7.67,-7.6,-7.47,-7.3,-7.09,-6.85,-6.59,-6.33,-6.08,-5.85,-5.65,-5.5,-5.39,-5.35,-5.38,-5.49,-5.67,-5.94,-6.29,-6.69,-7.12,-7.52,-7.83,-8.02,-8.07,-8.03,-7.96,-7.9,-7.92,-8,-8.14,-8.29,-8.44,-8.58,-8.73,-8.87,-9,-9.15,-9.33,-9.56,-9.85,-10.2,-10.59,-10.98,-11.33,-11.6,-11.79,-11.91,-11.95,-11.86,-11.59,-11.36,-11,-10.39,-9.89,-9.5,-8.91,-8,-7.31,-7.28,-7.39,-7.12
-1.65,-1.69,-1.73,-1.77,-1.84,-1.95,-2.1,-2.3,-2.54,-2.84,-3.19,-3.59,-4.02,-4.46,-4.87,-5.25,-5.57,-5.84,-6.05,-6.2,-6.29,-6.31,-6.28,-6.2,-6.07,-5.93,-5.77,-5.6,-5.42,-5.23,-5.04,-4.85,-4.7,-4.59,-4.55,-4.57,-4.67,-4.84,-5.08,-5.36,-5.7,-6.05,-6.42,-6.77,-7.1,-7.39,-7.63,-7.81,-7.96,-8.08,-8.19,-8.29,-8.39,-8.5,-8.61,-8.73,-8.86,-8.99,-9.13,-9.27,-9.42,-9.59,-9.79,-10.05,-10.36,-10.68,-10.94,-11.1,-11.1,-10.91,-10.77,-10.87,-10.8,-10.79,-10.97,-10.74,-10.31,-9.54,-8.52,-7.85,-7.7,-7.69
-0.6,-0.57,-0.48,-0.37,-0.25,-0.14,-0.09,-0.14,-0.27,-0.41,-0.51,-0.56,-0.69,-0.91,-1.25,-1.68,-2.2,-2.89,-3.69,-4.43,-4.98,-5.31,-5.49,-5.56,-5.52,-5.37,-5.12,-4.83,-4.53,-4.23,-3.95,-3.72,-3.54,-3.43,-3.41,-3.46,-3.58,-3.75,-3.96,-4.21,-4.49,-4.8,-5.12,-5.44,-5.72,-5.97,-6.19,-6.39,-6.59,-6.8,-7.03,-7.3,-7.6,-7.94,-8.28,-8.62,-8.94,-9.23,-9.49,-9.72,-9.92,-10.09,-10.23,-10.36,-10.47,-10.56,-10.62,-10.7,-10.77,-10.84,-10.88,-10.87,-11.03,-11.53,-11.93,-11.47,-10.46,-9.84,-9.39,-9.27,-9.04,-8.55
1.51,2.02,2.5,2.82,2.89,2.7,2.31,1.78,1.22,0.89,0.81,0.66,0.33,-0.07,-0.26,0.29,0.49,-0.16,-1.07,-2.05,-2.86,-3.35,-3.67,-3.89,-4.01,-3.99,-3.84,-3.59,-3.3,-3,-2.73,-2.48,-2.29,-2.15,-2.11,-2.15,-2.32,-2.58,-2.9,-3.24,-3.58,-3.89,-4.17,-4.45,-4.74,-4.99,-5.18,-5.29,-5.37,-5.44,-5.52,-5.68,-5.93,-6.27,-6.69,-7.19,-7.74,-8.29,-8.78,-9.21,-9.58,-9.91,-10.23,-10.52,-10.82,-11.05,-11.15,-11.12,-11.1,-11.11,-10.99,-11.11,-11.41,-11.12,-10.57,-10,-9.73,-9.79,-9.61,-9.44,-9.94,-10.16
0.36,0.41,0.35,0.45,0.82,1.37,1.8,1.31,1.73,2.45,3.11,3.52,2.94,2.16,1.83,1.8,1.46,0.52,-0.78,-1.96,-2.63,-2.92,-3.12,-3.23,-3.13,-2.82,-2.44,-2.07,-1.77,-1.56,-1.38,-1.18,-1.01,-0.96,-0.99,-1.05,-1.15,-1.3,-1.6,-2,-2.44,-2.92,-3.46,-3.91,-4.18,-4.24,-4.16,-3.94,-3.21,-2.36,-1.74,-1.79,-2.56,-3.68,-5.1,-6.18,-6.84,-7.22,-7.34,-7.49,-7.79,-8.19,-8.6,-8.97,-9.32,-9.63,-9.91,-10.34,-10.87,-11.5,-11.8,-11.38,-10.76,-10.44,-10.93,-12,-11.92,-11,-10.43,-10.07,-9.69,-9.36
2.66,1,2.35,2.94,2.54,1.96,1.29,0.68,0.9,1.87,3.21,4.44,3.14,2.02,1.66,1.81,2.49,2.4,1.17,-0.46,-1.37,-1.9,-2.57,-3.18,-3.21,-2.72,-1.89,-0.69,0.53,1.51,2.3,2.63,2.21,1.17,0.31,-0.22,-0.78,-1.39,-1.97,-2.05,-1.98,-1.97,-2.45,-3.07,-3.25,-2.9,-1.96,-1.02,-0.49,-0.29,-1.49,-1.84,-1.69,-2.35,-2.87,-2.13,-1.92,-7.71,-12.1,-11.63,-10.27,-8.86,-7.9,-7.18,-7.12,-7.49,-8.04,-8.66,-9.36,-9.92,-10.46,-10.78,-11.12,-12.29,-12.73,-14,-16.72,-16.39,-14.57,-13.33,-12.34,-10.86
2.03,2.92,3.29,1.73,0.37,-0.45,1.28,1.94,3.24,4.16,4.03,2.34,1.87,-0.45,-0.67,0.98,1.26,1.37,0.32,-0.63,-1.2,-1.89,-2.64,-2.91,-2.46,-1.62,-0.49,1.25,3.59,5.85,7.3,7.39,6.35,4.84,3.11,1.6,0.4,0,0.27,1.44,1.36,0.62,0.05,-0.17,-1.08,-1.45,-1.39,-1.67,-1.99,-1.56,-2.68,-3.19,-3.35,-3.03,-2.29,-1.55,-0.66,-1.97,-3.44,-1.12,-3.91,-6.92,-6.81,-7.64,-7.85,-7.41,-6.94,-6.7,-6.94,-7.48,-8.14,-9,-9.96,-10.6,-11.6,-12.69,-13.51,-13.79,-12.7,-12.38,-12.23,-11.85
2.69,2.62,-0.08,-0.69,1.18,3.9,4.04,4.49,5.28,5.71,6.47,6.75,6.22,4.33,2.03,2.16,2.09,2.34,1.25,0.81,-0.25,-1.02,-1.14,-0.78,-0.47,-0.54,-0.38,1.07,3.65,5.61,6.35,6.28,5.46,4.23,2.92,1.94,1.12,0.65,-0.26,-1.97,-1.97,-1.58,-1.82,-2.27,-1.8,-2.46,-3.34,-5.59,-6.55,-5.01,-4.46,-4.25,-4.61,-4.06,-1.56,0.05,-0.54,-2.68,-4.64,-4.92,-4.1,-3.26,-1.96,-2.5,-3.97,-4.62,-4.26,-4.22,-4.5,-5.07,-6.15,-7,-7.93,-8.94,-9.65,-9.43,-10.06,-11.62,-12.72,-12.06,-10.48,-9.77
2.33,2.35,1.6,2.03,1.79,2.65,3.46,3.83,4.86,5.83,6.77,6.36,6.31,5.3,4.91,4.07,3.21,2.65,2.58,2.53,1.22,-0.06,0.04,0.76,0.6,1.08,1.6,2.96,4.46,4.92,4.67,4.4,3.39,2.44,2.27,2.27,2.13,1.39,0.24,-0.34,-0.72,-1.6,-1.9,-2.16,-2.69,-3.4,-4.71,-4.07,-3.53,-3.38,-4.09,-3.74,-3.05,-2.74,-1.83,-0.77,0.38,-1.8,-3.09,-3.9,-3.78,-4.18,-3.5,-2.14,-1.57,-1.75,-2.68,-3.91,-5.06,-6.01,-7.02,-7.21,-7.14,-7.6,-8.31,-8.99,-9.58,-9.93,-10.27,-10.49,-10.69,-10.85
0.88,-0.29,0.28,0.13,0.33,0.49,0.92,2.73,5.25,7.12,7.35,7.06,7.12,6.67,5.63,4.43,2.72,1.6,1.56,2,2.29,2.26,2.42,2.93,3.3,3.71,4.3,5.26,6.01,6.16,5.88,4.86,4,4.5,5.2,4.94,4.51,3.04,1.8,0.66,-0.81,-1.64,-2.15,-2.98,-3.36,-2.76,-1.62,-1.21,-1.33,-1.26,-0.87,1.44,1.97,-0.92,-2.35,-1.58,3.97,2.65,1.37,-0.35,2.26,2.47,4.81,3.83,4,4.54,3.93,1.57,0.29,-4.83,-8.16,-10.38,-10.21,-9.36,-8.74,-8.99,-9.61,-9.85,-9.51,-9.64,-10.58,-10.95
0.42,0.21,1.13,1.74,2.3,2.57,3.21,3.84,5.19,5.4,6.38,6.17,6.9,6.36,5.62,4.63,3.35,2.13,1.79,2.32,3.13,3.93,4.68,5.46,6.24,6.5,6.22,5.79,5.29,4.81,4.53,4.52,4.51,3.97,3.31,3.41,3.03,2.89,2.02,0.63,-0.77,-2.11,-2.63,-1.67,1.06,2.97,1.99,-0.1,0.3,-0.95,-3.3,-4.56,-4.25,-4.8,-6.25,-0.34,-0.27,-1.41,-1.29,-0.84,-0.34,0.88,0.76,1.19,1.03,0.38,1.48,2.5,2.48,1.48,-0.79,-4.02,-6.31,-7.67,-8.43,-9.12,-9.48,-9.77,-8.95,-8.97,-9.39,-9.75
-1.1,-2.11,-0.39,1.84,1.11,1.59,4.05,5.78,5.75,4.48,3.39,4.09,3.66,4.04,3.4,3.22,3.03,3.26,3.68,4.36,5.32,6.27,7.02,7.44,7.48,7.18,6.92,6.62,5.89,4.82,3.99,3.61,3.32,3.28,3.5,3.7,3.98,3.75,2.63,0.7,-0.04,0.5,1.29,0.75,-0.59,-2.49,-2.15,-3.02,-3.27,-3.31,-2.92,-2.36,-2.56,-4,-10.24,-5.27,-1.39,-0.64,-1.2,-1.47,-0.41,0.41,0.42,0.07,0.8,0.89,0.87,1.21,1.65,1.85,1.73,-0.24,-0.96,-2.18,-3.86,-5.52,-7.47,-8.25,-8.68,-8.62,-8.24,-8.03
-6.67,-1.95,4.86,8.46,4.89,1.62,-0.65,-2.6,-1.38,-1.22,-1.68,-0.11,1.84,3.71,4.88,4.53,4.48,4.82,5.17,5.87,6.74,7.55,8.19,8.61,8.82,8.89,8.8,8.41,7.65,6.64,5.7,4.91,4.21,3.83,4.23,4.68,4.26,2.79,1.45,0.47,0.74,0.73,0.93,-0.46,-2.54,-6.04,-5.59,-1.3,-1.58,-4.46,-5.73,-5.04,-3.54,-3.39,-2.3,-2.94,-2.5,-1.11,-1.05,-0.9,-1.02,0.44,0.81,0.53,0.71,1.07,0.64,0.3,-0.18,-1.99,-0.79,1.65,-0.2,0.73,0.68,-2.43,-3.94,-6.83,-7.81,-8.08,-7.74,-7.13
-8.2,-1.95,3.36,5.6,5.24,1.85,-0.34,-1.39,-3.61,-4.68,-4.35,0.04,2.77,3.28,3.37,3.71,4.19,4.84,5.7,6.69,7.86,9.19,10.31,11.23,12.18,12.97,13.27,12.99,12.02,10.47,9.06,7.95,6.76,5.74,5.1,4.32,3.81,3.04,3.16,3.05,1.15,-1.8,-1.1,-1.29,-1.24,-6.86,-11.04,-4.48,-5.44,-5.59,-6.79,-6.72,-4.79,-4.1,-3.25,-1.74,-1.02,-2.17,-2,-1.32,0.06,0.36,-0.16,0.08,1.13,0.49,-0.41,-0.52,-0.86,-0.21,1.16,1.64,0.46,1.38,1.26,0.17,-1.66,-4.01,-5.58,-5.77,-5.45,-6.37
-11.31,-3.13,0.03,1.59,2.83,3.28,1.62,-1.81,-5.66,-5.58,-2.97,-0.57,-0.16,0.43,1.19,2.44,3.75,5.06,6.57,8.09,9.18,9.92,10.71,11.61,12.58,13.77,15.02,16.31,17.39,16.86,14.77,11.92,9.58,8.12,7.2,6.41,5.1,3.5,2.8,2,0.99,-3.84,-4.29,-2.33,-4.47,-9.43,-9.63,-6.58,-4.73,-7.04,-8.03,-5.58,-3.21,-2.49,-0.41,1.41,2.17,-2.39,-2.64,-0.01,0.37,0.2,0.81,1.98,2.6,2.27,1.57,1.61,1.52,2.35,3.11,-0.48,-2.04,0.03,1.28,1.92,-0.3,-3.04,-5.73,-4.53,-5.03,-7.51
-8.67,-7.08,-4.19,-0.86,-0.6,-3.45,-1.3,-1,-4.81,-4.26,-3.77,-4.09,-3.8,-2.6,0.03,3.95,7.98,11.36,13.73,14.96,15.7,15.51,14.73,14.13,13.77,13.67,14.09,15.69,17.58,17.56,15.59,13.98,13.37,12.13,10.19,7.98,6.02,4.6,3.22,0.94,-0.58,-1.46,-6.69,-7.32,-8.05,-7.08,-5.06,-6.27,-6.67,-6,-6.13,-6.83,-7.03,-5.33,-1.02,3.64,6.09,4.67,2.34,-0.21,1.39,2.6,1.06,1.87,3.42,3.73,3.33,4.07,3.52,4.95,4.39,2.39,1.22,0.7,1.23,2.07,-0.86,-3.09,-3.91,-4.41,-5.89,-9.67
-5.72,-5.69,-5.3,-5.12,-3.57,-3.14,-5.58,-3.08,-2.23,-4.87,-5.86,-6.91,-6.78,-4.39,1.25,7.46,11.26,14.57,16.66,17.06,17.28,17.29,17.47,16.62,16.51,17.41,18.13,18.56,19.79,21.3,21.1,17.37,13.61,12.46,11.48,9.91,7.85,5.07,2.92,1.21,-1.86,-2.16,-1.56,-3.92,-6.24,-7.38,-7.01,-6.11,-6.04,-6.53,-7.15,-7.25,-6.23,-3.81,-0.69,0.86,0.61,1.07,0.48,0.05,2.2,3.73,5.22,3.47,2.48,4.76,3.26,2.58,2.44,2.82,2.88,2.21,1.85,3.46,5.21,3.12,1.17,-1.84,-2.84,-4.28,-7.47,-9.37
-4.44,-4.9,-5.1,-5.22,-6.65,-7.24,-7.11,-8.4,-5.96,-5.99,-7.73,-8.12,-8.64,-6.15,2.33,10.56,15.18,18.33,17.56,15.99,16.02,16.5,16.97,16.86,17.21,17.92,18.62,22.35,24.99,23.61,23.56,22.85,19.92,14.85,11.47,11.23,9.84,6.16,3.74,2.26,1.44,-0.11,-3,-3.66,-1.77,-1.12,-2.63,-5,-7.06,-8.27,-8.54,-7.66,-5.95,-3.11,-0.01,0.94,-0.27,-1.44,-1.48,-0.64,0.53,2.28,5.71,4.69,3.5,3.22,3.8,2.04,1.88,2.42,2.07,2.54,1.27,2.15,7.94,5.27,1.48,-1.63,-3.04,-5.2,-7.48,-9.58
-4.21,-4.79,-4.82,-5.63,-8.04,-10.07,-10.33,-10.75,-9.78,-8.17,-9.13,-9.83,-10.38,-8.02,1.49,10.61,15.73,17.4,16.13,15.76,15.42,15.3,16.65,16.47,17.32,20.56,22.51,27.22,30.16,29.32,25.73,25.28,23.26,19.77,15.93,14.09,12.25,6.89,6.37,3.88,1.85,0.81,-0.12,-1.68,-3.18,-3.75,-3.44,-3.41,-4.89,-7.16,-8.46,-7.69,-5.52,-3.28,-2.61,-2.69,-1.95,-0.97,-0.41,-0.45,1.3,2.61,3.11,3.58,2.62,2.59,1.88,1.99,1.83,2.47,1.42,1.93,2.01,2.3,5.33,3.64,-0.33,-2.06,-3.79,-5.91,-7.83,-9.9
-1.09,-3.2,-5.83,-7.54,-9.09,-10.28,-10.71,-11.37,-11.1,-9.52,-9.64,-11.06,-11.46,-9.28,-1.36,7.42,13.82,15.44,15.4,16.35,15.77,15.43,16.91,17.21,18.7,22.83,28.71,29.6,28.87,27.75,25.17,25.36,19.77,19.91,17.21,14.94,12.08,9.34,6.56,3.54,1.43,0.36,-0.35,-1.1,-2.15,-3.98,-5.82,-5.87,-4.5,-4.32,-5.36,-5.73,-5.4,-4.73,-3.2,-1.7,-0.87,-0.6,-0.09,1.08,1.61,1.51,3.25,1.68,1.83,0.39,0.39,0.8,1.3,2.23,2.6,2.73,2.89,4.23,3.43,3.64,1.5,-1.14,-3.65,-5.93,-8.32,-13.11
