src/extreme_event_grid.json
{"header": { "parameterCategory": 2, "lo2": 130.73672922245862, "nx": 208, "ny": 167, "lo1": 130.68056922245862, "parameterNumber": 2, "dx": 0.00027, "dy": 0.00027, "parameterNumberName": "U-component_of_wind", "la1": 32.817937509418, "la2": 130.68056922245862, "la4": 90, "lo4": 0 }, "meta": { "date": "2014-11-30T12:00:00.000Z" }, "data":
[rows 48 to 71 of 167, columns 55 to 109 of 208]
-0.015450826797000635,-0.0019880220355115493,-0.0009676365986986626,-0.0009676365986986626,-0.0009676365986986626,3.197578187314155e-5,3.197578187314155e-5,3.197578187314155e-5,0.0,0.0047680804372208655,9.054800763502326e-5,9.054800763502326e-5,0.0,0.0,0.0,0.0,0.0,0.0,0.0,0.0,0.0,0.0,0.0,0.0,0.0,0.0,1.3299453027287492e-5,1.368897065062438e-5,7.492994117224669e-6,0.0,0.0,0.0,0.0,-1.597631869102801e-10,-2.3386430230876276e-10,-2.3386430230876276e-10,0.0,0.0,-1.210831619698152e-7,-1.1664537046165781e-7,-1.1220757895350046e-7,0.0,0.0,0.0,-0.00020412512512759423,0.0018291846005110723,-0.028081229254133887,-0.009720213067056355,0.07767173709987232,-0.7317554889858202,-0.7317554889858202,-1.0769927347796475,-1.0769927347796475,-1.2595400635941825,-1.2595400635941825
-0.015450826797000635,-0.005140546805451825,-0.0009676365986986626,0.006220148935083591,0.006220148935083591,0.011238519084729462,0.011238519084729462,0.0049117192160041965,0.0049117192160041965,0.0047680804372208655,0.004624441658437532,9.054800763502326e-5,0.00011560824346214367,0.0,0.00011560824346214367,0.0,0.0,0.0,0.0,0.0,0.0,0.0,0.0,0.0,0.0,0.0,1.3299453027287492e-5,1.368897065062438e-5,1.368897065062438e-5,0.0,0.0,0.0,0.0,-1.597631869102801e-10,-2.3386430230876276e-10,-2.3386430230876276e-10,0.0,0.0,-7.774437328288197e-8,-7.774437328288197e-8,-1.1220757895350046e-7,0.0,0.0,0.0,-0.00020412512512759423,-0.009271887064080109,-0.028081229254133887,-0.4115239219573477,-0.5629795139194037,-1.0033415880759204,-0.9667934467978414,-1.0453109834502015,-1.0453109834502015,-1.249858066454693,-1.3301194461429526
0.007090883051109046,0.0028060058741782305,0.0013687591856371016,-0.0053066126592096014,0.02367353912544063,0.01792704543835197,0.01792704543835197,0.01792704543835197,0.00949088687062422,0.00949088687062422,0.007586732552348158,0.004329630021492004,0.003192068497564354,0.00011560824346214367,0.00011560824346214367,0.0,0.0,0.0,0.0,0.0,0.0,0.0,0.0,0.0,0.0,0.0,0.0,0.0,0.0,0.0,0.0,0.0,0.0,-1.597631869102801e-10,-1.597631869102801e-10,-1.597631869102801e-10,0.0,5.923404682475639e-11,5.923404682475639e-11,5.923404682475639e-11,0.0,0.0,0.0,0.0,-0.012172905007867572,-0.05959349688669215,-0.03352492020625493,-0.5974951467948152,-0.602146475713104,-0.8344585114571818,-0.9889144103327042,-1.0178615903079242,-1.1594576835791537,-1.1594576835791537,-1.1906890346488554
-0.005236305887828304,-0.0033641341031576686,0.0028060058741782305,0.021316425806185618,0.02367353912544063,0.02367353912544063,0.01792704543835197,0.01792704543835197,0.014678806342404196,0.00833230117890155,0.006015129795456261,0.0061418292735614015,0.003192068497564354,0.003192068497564354,0.00011560824346214367,0.0,0.0,0.0,0.0,0.0,0.0,0.0,0.0,0.0,0.0,0.0,0.0,0.0,0.0,0.0,0.0,0.0,-4.588873117267456e-5,0.0,0.0,0.0,0.0,6.084701897888245e-11,6.084701897888245e-11,0.0,0.0,0.0,0.0,-0.25915981724797094,-0.07351884022232197,-0.6265921628432722,-0.6305683656489416,-0.768802306804502,-0.7344572551001742,-0.760854508229622,-0.8203677777965687,-0.8203677777965687,-0.951730471049211,-0.951730471049211,-1.1093879108453033
0.00013261702503025502,-0.007617404231607443,0.00813647785313848,0.022314975707252143,0.02367353912544063,0.02367353912544063,0.022078937238009445,0.022078937238009445,0.014678806342404196,0.012466594918578973,0.006015129795456261,0.0061418292735614015,0.003192068497564354,0.001638546636312994,9.585489022178108e-5,0.0,0.0,0.0,0.0,0.0,0.0,0.0,0.0,0.0,0.0,0.0,0.0,0.0,0.0,0.0,0.0,0.0,-6.252015587443324e-5,-6.252015587443324e-5,0.0,0.0,0.0,0.0,-0.38989609881262244,-0.38989609881262244,-0.25449277249224656,-0.5648567623457342,-0.3953138798646806,-0.49351644540975287,-0.3593301854425196,-0.892094822381058,-0.7914922784038719,-0.8499855063120088,-0.8309566125072222,-0.760854508229622,-0.8832959964647272,-0.8832959964647272,-0.9591687331036759,-0.9591687331036759,-1.0514674026443607
-0.0031736857885884913,-0.007617404231607443,0.017024643602342668,0.022314975707252143,0.020776039124299654,0.020776039124299654,0.018127222031323317,0.018127222031323317,0.018522641036512546,0.018918060041701778,0.012466594918578973,0.008909425901433423,0.003171361705784006,8.502477506163467e-5,9.585489022178108e-5,7.453917673820866e-5,0.0,0.0,0.0,0.0,0.0,0.0,0.0,0.0,0.0,0.0,0.0,0.0,0.0,0.0,0.0,0.0,-6.252015587443324e-5,-0.0015335385255384555,-0.12416730650018629,-0.053474262191266456,-0.053474262191266456,-0.6613165155821791,-0.6613165155821791,-0.5839294316418668,-0.5839294316418668,-0.5648567623457342,-0.6902019027166643,-0.49351644540975287,-0.975940531401961,-0.892094822381058,-0.9008323999196152,-0.8499855063120088,-0.8991022474324001,-0.8648749471686865,-0.911711261161082,-0.9041491304471135,-0.9328662816757425,-0.9328662816757425,-0.9679813155296978
0.017024643602342668,0.002701355585544369,0.017024643602342668,0.01917006231906274,0.017598023592624266,0.01787853912315863,0.01787853912315863,0.01787853912315863,0.018522641036512546,0.014900674571811321,0.01369956740052542,0.011090321079937128,0.0056857738589274585,0.004074583564695911,7.453917673820866e-5,5.3223463254635704e-5,0.0,0.0,0.0,0.0,0.0,0.0,0.0,0.0,0.0,0.0,0.0,0.0,0.0,0.0,0.0,0.0,-0.5065968995492238,-0.1853301891609716,-0.12416730650018629,-0.7768856669065817,-0.813041399181231,-1.001516963663493,-1.001516963663493,-0.7652003228948231,-1.1734284378826205,-0.9936561842135813,-1.0899272229350168,-1.0358346215526275,-1.0126471874175325,-0.937825984781229,-0.9472873607217359,-0.9019233949868253,-0.8850200643296476,-0.9030654966486639,-0.9490456449893264,-0.9634127186990925,-0.9474224444847537,-0.8703139721304017,-0.8703139721304017
0.015286657184196386,0.014451438333810159,0.015744215432682753,0.015744215432682753,0.017333424373274727,0.017629856214993887,0.017629856214993887,0.01682508075481703,0.01682508075481703,0.014556840174286479,0.014556840174286479,0.01114495787195717,0.00892306424935235,0.0064634376584220546,0.003215661669673605,0.0014450798867305184,0.0,0.0,0.0,0.0,0.0,0.0,0.0,0.0,0.0,0.0,0.0,0.0,0.0,0.0,-0.6849065860957688,-0.9600101349722013,-0.5065968995492238,-0.7520349175027187,-0.6719979322384854,-1.0758326405015513,-1.1860805176375655,-1.3516959916932574,-1.3516959916932574,-1.212085061898486,-1.3052723647207292,-1.1953920309214583,-1.1731200256357874,-1.092585789095016,-1.0348174579997407,-0.9668786532806166,-0.8831166012034666,-0.8837854327625145,-0.8437877831237364,-0.8700856083071012,-0.9603031668001698,-1.0206857143165198,-1.011672961857543,-0.9030014252179376,-0.9030014252179376
0.015286657184196386,0.014451438333810159,0.015744215432682753,0.017036992531555648,0.017333424373274727,0.017629856214993887,0.017629856214993887,0.017673971117985472,0.017673971117985472,0.014556840174286479,0.013936447933239133,0.01114495787195717,0.006881525187035701,0.0064634376584220546,0.0002501357759096535,0.0014450798867305184,0.00011991799382310397,3.9945274130650937e-5,0.0,0.0,0.0,0.0,0.0,0.0,0.0,0.0,0.0,0.0,0.0,-0.9722695326970128,-0.6849065860957688,-1.2501843328045321,-1.0462561007145899,-1.1039450968868496,-0.9174403772938067,-1.1597865256791233,-1.3811647824445428,-1.3838515239400357,-1.3776416335479629,-1.3776416335479629,-1.4295247784069793,-1.281693028066658,-1.225830899170112,-1.0548814782153657,-0.896946812989956,-0.8822243667988917,-0.8055978749357511,-0.8408182141437204,-0.8044681170078408,-0.8229202478330605,-0.8593314889889399,-1.0017805215653328,-1.0017805215653328,-0.9128671894115573,-0.9128671894115573
0.015286657184196386,0.0076502345143784475,0.015744215432682753,0.007929938605054032,0.017333424373274727,0.01727617154628669,0.01727617154628669,0.017696028569481215,0.017696028569481215,0.017696028569481215,0.015463027348898525,0.009954969192232516,0.006845182069060058,0.0025231775874191625,-0.0018573841673828482,-0.001363058627081344,5.9940442569290134e-5,3.9945274130650937e-5,-4.506274662753365e-8,0.0,0.0,0.0,0.0,0.0,0.0,0.0,0.0,-0.7747081975650663,-0.82863712043548,-1.0220078628615958,-1.1141455263124271,-1.3820462151427704,-1.3649704798294244,-1.196930874448818,-0.9608686709530463,-1.1761672480181182,-1.3138447487574092,-1.3138447487574092,-1.4470502860587757,-1.4470502860587757,-1.3614112453729543,-1.3614112453729543,-1.225830899170112,-1.0282089380014778,-0.896946812989956,-0.8011593522329713,-0.8055978749357511,-0.7845371302221782,-0.8044681170078408,-0.7543324444555463,-0.8593314889889399,-0.874347740772615,-1.0034416025059232,-0.749903877369076,-0.749903877369076
0.0068640238586796755,-0.0005696332712260156,0.007929938605054032,-0.001177115321447439,0.006005128055123232,0.009199868410290938,0.00977698504069146,0.014555119661231493,0.014555119661231493,0.01728849362986647,0.016880958690251573,0.016880958690251573,0.007533213894222762,-0.002702062358297868,-0.0028099784968489395,5.554004621516284e-5,-3.7108684523521204e-8,-4.108571557552743e-8,-4.108571557552743e-8,0.0,0.0,0.0,0.0,-0.36642217984653463,-0.36642217984653463,-0.675393141095646,-0.8586715313465937,-1.2339013924305724,-1.2469100251959517,-1.2886956674303538,-1.155379376831104,-1.3820462151427704,-1.4449180513999276,-1.196930874448818,-1.0776576817213592,-1.1761672480181182,-1.2076013701523882,-1.2857992223382866,-1.4349313944897588,-1.4349313944897588,-1.448439711245576,-1.3748614759773918,-1.2001843238261776,-0.9785612394847877,-0.8549564629222953,-0.7323275787759533,-0.7220378575883171,-0.6841410073355119,-0.7082821485215856,-0.6612591409277888,-0.7559106275995467,-0.730414553199845,-0.954236729287745,-0.7268588412071223,-0.6616413063313922
-0.000265892246115458,-0.019668827804539303,0.0003424642517727095,-0.018805857270034147,0.0004891958169070474,0.0022739055721666297,0.008153699586373969,0.008153699586373969,0.01602536907514688,0.01602536907514688,0.018745358932882938,0.017034465419957692,0.011579742077359094,0.00615916361454052,0.0077335637380942365,7.069065320971157e-5,-3.7108684523521204e-8,0.0,-4.108571557552743e-8,0.0,0.0,-0.1779461957967116,-0.1779461957967116,-0.7144293661762922,-0.7144293661762922,-0.675393141095646,-1.1183783564160505,-1.2339013924305724,-1.4801582398954196,-1.2886956674303538,-1.362781810071032,-1.3313078921429098,-1.3919594510636921,-1.2866900808182793,-1.1286326613187803,-1.1295921520986634,-1.235686374043878,-1.2423553203264996,-1.273227183969429,-1.273227183969429,-1.422337286419159,-1.3497142874176347,-1.1417612434471462,-1.0251475151044465,-0.752914064006615,-0.6573316106719037,-0.6324255787786022,-0.6071419354780325,-0.6225938723672831,-0.6084041131894629,-0.6400542354615765,-0.5984553554282143,-0.7576895115611628,-0.6394428144333032,-0.5718531527430102
-0.0182524280238807,-0.04376514199277031,-0.023680968661775124,-0.05186327399769286,-0.027620228244327468,-0.02223383581713236,-0.010942588258425407,-0.010942588258425407,0.015169779460042032,0.015169779460042032,0.02090731543972516,0.017644795344076484,0.011579742077359094,0.011572417646386517,0.0077335637380942365,0.008635385326956574,0.0,0.0,0.0,0.03407270706803383,0.0,-0.5817421007698712,-0.6626909295322466,-1.0013566413287718,-1.0013566413287718,-0.9487620364114394,-1.349207177007348,-1.5239886511598357,-1.5401980790903025,-1.4794369954640314,-1.46249501994011,-1.4177145840491878,-1.3714574605662455,-1.2561978949847166,-1.370085886848269,-1.248464956847105,-1.2641873983758163,-1.227291135078814,-1.0511384960981147,-1.2627030603729925,-1.2627030603729925,-1.1764328740203882,-1.1371898986606104,-0.9607520077835727,-0.8536406585946243,-0.6584620388286913,-0.5635828435377677,-0.5594795279571981,-0.5067868340978432,-0.37382630411280426,-0.4794735435005963,-0.40490676824985156,-0.5601835581487327,-0.5601835581487327,-0.5070191906999089
-0.03875511518410451,-0.04376514199277031,-0.04376514199277031,-0.05186327399769286,-0.05136537854138973,-0.02223383581713236,-0.04176073277825037,-0.04176073277825037,-0.008595060233225897,-0.008595060233225897,0.02090731543972516,0.01910065255748397,0.014022865991190004,0.011169122470732014,0.00831537895027388,-0.0028740335572144254,0.0,0.0,0.0,-0.00899344232137695,-0.13930940932936245,-0.47623857511344,-0.8226997768694327,-1.2181043253224983,-1.0774366501708044,-1.0774366501708044,-1.340231166889273,-1.4063697814697962,-1.4155372748161954,-1.534485801897951,-1.419602569905931,-1.3865425627499994,-1.2103958072003806,-1.2870669834611952,-1.4344452826293614,-1.482535014004173,-1.2919600772507862,-1.0068700050705734,-1.0068700050705734,-1.0463997303662307,-1.0463997303662307,-0.9697719373642901,-0.9697719373642901,-0.9607520077835727,-0.7458897501332038,-0.6584620388286913,-0.5747108908095646,-0.5594795279571981,-0.44422531482115407,-0.37382630411280426,-0.29845916438785186,-0.40490676824985156,-0.48354041169511547,-0.5366390488454974,-0.3770000661302053
-0.10430542694210557,-0.08943062291741141,-0.09123387862204081,-0.0990174737057689,-0.11808037384887164,-0.08689833555681392,-0.09899772751671986,-0.03997370234794377,-0.08467206769124122,-0.08467206769124122,-0.004336338261624638,0.0025633316312084374,0.009463001524041729,0.009502965531667198,-0.0028740335572144254,0.03347698856392908,0.0,0.0,0.0,-0.29512901496224175,-0.41609108601504996,-0.8797146392685101,-0.9573054555167118,-0.9573054555167118,-1.2831136437976134,-1.2831136437976134,-1.2244022842599074,-1.2201680359935336,-1.0473668948753487,-1.4900298841151203,-1.2106335130613015,-1.1249911327800133,-0.804437368310681,-1.0768947764431247,-1.4344452826293614,-1.142569307718641,-1.2919600772507862,-0.9844985633498934,-1.002301125672698,-0.9363830257501489,-0.9363830257501489,-0.8971260965390901,-0.8971260965390901,-0.8909458134954872,-0.8353681757264224,-0.7188714772704728,-0.5782348509652637,-0.4627328866229107,-0.341743005825445,-0.30352663809222047,-0.2466386087957701,-0.3122063633142488,-0.231211360409539,-0.2994737601617604,-0.19327806347773507
-0.2007396207661962,-0.1377473967085558,-0.23438146415605038,-0.13940922575840536,-0.24888653962086016,-0.15770104923932166,-0.25737717825937106,-0.11013141748659488,-0.11013141748659488,-0.059212717895887036,-0.059212717895887036,-0.09305657324633455,0.007345522529477901,-0.02389969563380903,0.04776803588251554,0.03912604272514547,0.06896095268709465,0.0,-0.09379916707891076,-0.3526527406306854,-0.8633882277277571,-0.8837084053967991,-0.9488342665233397,-0.9488342665233397,-1.1653699010416259,-1.1653699010416259,-0.8669191440343145,-0.8669191440343145,-1.0473668948753487,-1.1636888497031663,-1.2106335130613015,-0.9687684413837782,-0.804437368310681,-0.43838010988913834,-0.9945132870332477,-0.8522625100563455,-0.834932900397944,-0.7571186406330178,-0.8237510943388084,-0.858630947805799,-0.858630947805799,-0.8519305282996804,-0.765059324495833,-0.8062143214841374,-0.7193541565865887,-0.6721617747419315,-0.4783486699726804,-0.43349324303440556,-0.31080601264143515,-0.23841004205245742,-0.10126076838231785,-0.22940287432306525,-0.10629085659222541,-0.19479142246919373,-0.026989699698421098
-0.22197149887279685,-0.23248536656545493,-0.36656016227828103,-0.28554333505029594,-0.4090069004624611,-0.2905102831508804,-0.40936538804286243,-0.2597150759083309,-0.2597150759083309,-0.16597951974627304,-0.16597951974627304,-0.31309737963797063,-0.10162256263773002,-0.02389969563380903,-0.015712734633642818,0.03912604272514547,0.10191409554122731,-0.09690070455334578,-0.43913283025431293,-0.3526527406306854,-0.8906317442615922,-0.8837084053967991,-0.9337315530292599,-1.0524551685458388,-0.9103011028569394,-0.9103011028569394,-1.0481626771036368,-0.8926025944814147,-0.7800666926959364,-0.9506771087166105,-0.9865616485043417,-0.8123909691686488,-0.6419557958115777,-0.6793489418443759,-0.6647350728165865,-0.8321308982876567,-0.6929680688246186,-0.9792382306664823,-0.7303314274935605,-0.845701802934172,-0.750226650922415,-0.750226650922415,-0.6437476636474296,-0.6931669179570636,-0.6369301380495256,-0.6150684506902471,-0.48811571305668744,-0.4240569051845747,-0.2605147528374474,-0.16661812691429034,-0.03981956134909686,-0.017562811398376153,0.024917544815301944,-0.048708616688399195,-0.048708616688399195
-0.36429195723669455,-0.39257996441407295,-0.4237024769055734,-0.4140188602324822,-0.4090069004624611,-0.4442317749010433,-0.40936538804286243,-0.46632965729646786,-0.46632965729646786,-0.40652728946140815,-0.40652728946140815,-0.31309737963797063,-0.36812201557393703,-0.211469929676415,-0.182562316421701,-0.0032570482851091436,-0.20504152840950374,-0.09690070455334578,-0.4557370685979464,-0.8846745069775375,-0.9332065125197172,-0.9544198498716805,-0.8254060096293794,-0.7957604682182944,-0.7782887528077551,-0.9903134209695398,-0.9903134209695398,-1.0138364261713486,-0.9065955323064674,-1.1359934809578847,-1.1243605526786835,-1.116120609600293,-0.8696673050928534,-0.981888396038854,-0.7301551244458557,-1.3054744514515808,-1.1105594701315413,-1.150291680245002,-0.9694543837118289,-0.9694543837118289,-0.6871915842323179,-0.6871915842323179,-0.6073081815163842,-0.6073081815163842,-0.5415312320051712,-0.5632947043993686,-0.48811571305668744,-0.35329366868611345,-0.2605147528374474,-0.12040096314735206,-0.03981956134909686,0.10585095117805245,0.024917544815301944,0.13485869459290384,0.022703993233059848
-0.36429195723669455,-0.5039015904662872,-0.4237024769055734,-0.5386760918749547,-0.57964087401141,-0.5706780258965037,-0.5010183005012114,-0.6421459967604167,-0.4926921328109746,-0.6454193233221233,-0.6454193233221233,-0.5933690703839031,-0.6590614678410145,-0.5815013167972133,-0.6621394994668625,-0.4404709569468876,-0.6499418976454321,-0.5879858988237185,-1.101936491852464,-1.0241888259324978,-0.8657104284514716,-0.7987206620700676,-0.6855633611314886,-0.7037953325158269,-0.6993394887605873,-0.9155413629799006,-0.9155413629799006,-1.1649046230094346,-1.2127167682466866,-1.4023320893337308,-1.4704720326159986,-1.4913444218661605,-1.3438485038669632,-1.3236822925889882,-1.262032374968616,-1.3054744514515808,-1.1645699504730886,-1.150291680245002,-0.968974390554482,-0.818245289787986,-0.6921803731774742,-0.6921803731774742,-0.574047276825455,-0.574047276825455,-0.5415312320051712,-0.4324840920116974,-0.42522178329524823,-0.2823035207132205,-0.20774428881961624,-0.04617794213423271,-0.03298679534325966,0.048770610075423146,0.10364549953398133,0.11143906860735349,0.1129722202878703
-0.4527996390404155,-0.5386710598774621,-0.5482530640081863,-0.673694004126145,-0.6596933712295567,-0.6997364438785371,-0.6061265707791408,-0.7640655047043091,-0.6869663533769196,-0.801434926923197,-0.8107885006859679,-0.8107885006859679,-0.9230168875479065,-0.7640129526125222,-0.9779093563452063,-0.8198245824112174,-0.7400003649326937,-1.0407625985468247,-1.061505060068466,-0.9494520486472801,-0.6808541074695634,-0.6303986751878626,-0.6214061898122427,-0.6645217244689341,-0.6645217244689341,-0.9381250344653886,-0.9381250344653886,-1.2740766912564827,-1.2740766912564827,-1.4023320893337308,-1.4130778046762875,-1.4913444218661605,-1.486956823885988,-1.3236822925889882,-1.5660653675420653,-1.3023312739898096,-1.2565811266752616,-1.0497960231504528,-0.9106071980212048,-0.776235861326755,-0.72332937550239,-0.72332937550239,-0.5967012022700704,-0.557097788251581,-0.4508024036555343,-0.302299778999447,-0.29347656696975216,-0.15290813861457456,-0.07574187439718122,-0.037769191657888085,0.0012963339705921602,0.03646171733382882,0.06490469729950109,0.07643220190485185,0.10136510856618317
-0.4738989301005216,-0.6254672003333953,-0.6412227898715365,-0.7576054652157076,-0.7606558984295049,-0.823690195961983,-0.7747474107375723,-0.8559206203434354,-0.8053252468486215,-0.8053252468486215,-0.9490787955742659,-0.9490787955742659,-1.0654618350985636,-1.0347549344287177,-1.1510112181555812,-1.0109839974354835,-0.7400003649326937,-1.036266704419317,-1.061505060068466,-0.8288104405286455,-0.6808541074695634,-0.5865912798805935,-0.6214061898122427,-0.7597002914378946,-0.8463992644781321,-1.0001634641744597,-1.0001634641744597,-1.1219880582950035,-1.1287064425893094,-1.3084147025791388,-1.3509297605002506,-1.4682317143656283,-1.4972639926373017,-1.3411220141865172,-1.173340947274325,-1.1823078900829405,-1.0916669996615056,-0.9552304628016064,-0.8175601730216678,-0.7451515982041769,-0.6504217340981198,-0.6450937807796521,-0.6450937807796521,-0.5019310501498195,-0.3571471742360822,-0.24922411118761478,-0.16564208818435133,-0.10925199669893716,-0.040667646130917286,-0.02443330384560679,0.006691439562500895,0.028858782813753387,0.04870399677360563,0.08519542432677271,0.09189888367312207
-0.5957462040464998,-0.703186412801238,-0.7516873293865288,-0.8411655992763645,-0.8203843133199178,-0.823690195961983,-0.8788712761248579,-0.8559206203434354,-0.9093687716445155,-0.9093687716445155,-1.023283065971446,-1.023283065971446,-1.0654618350985636,-1.1138383282457471,-1.1510112181555812,-1.1152755092208861,-0.7629450970184782,-0.79557309656816,-0.8575831019955642,-0.6793855166785178,-0.652694547914923,-0.613187735612347,-0.6388956116182418,-0.6865860621994537,-0.8913491739032111,-0.8366595645671985,-1.006319779185913,-1.006319779185913,-1.098834192709517,-1.0812321777584355,-0.9208233603721064,-1.1666308293282586,-1.0584978708738848,-1.3030282630457264,-1.045346742011359,-0.9307102151377395,-0.9937038837938333,-0.8110549384914139,-0.6227299570786994,-0.6653757087942189,-0.5397817714469626,-0.5360063494499472,-0.5360063494499472,-0.3610391928903821,-0.3610391928903821,-0.2684324026941685,-0.13707392643437066,-0.10925199669893716,-0.031937167192222525,-0.02443330384560679,-0.0009272691550358379,0.028858782813753387,0.037285234513682944,0.08519542432677271,0.0935412519468634
-0.7105423894427326,-0.703186412801238,-0.7600576451329218,-0.8411655992763645,-0.8486832789401435,-0.8553725098093955,-0.9187227933607043,-0.9445945203598001,-1.0320258118650243,-0.9998339822813519,-1.0641410852468807,-1.0641410852468807,-1.0872663763172068,-1.0194809479801832,-1.0582894327682686,-0.7954253339612193,-0.5697546652803656,-0.5656788363116538,-0.640508207516041,-0.5916289875006268,-0.613560285087906,-0.6306086449681335,-0.6526984809168609,-0.6469774448160129,-0.7673959954763802,-0.7963434721206409,-0.8352550667143247,-0.8352550667143247,-0.8741666613080111,-1.0143417922800557,-0.805864126248953,-0.6762111338102178,-0.9704623627522642,-1.0754550061189772,-0.8055416327819007,-0.8321144901787314,-0.7703780976131118,-0.7291085522557796,-0.6227299570786994,-0.588307990138406,-0.5397817714469626,-0.4531754969981472,-0.4531754969981472,-0.3327132659033465,-0.3327132659033465,-0.2684324026941685,-0.1835389487424863,-0.0991588376150837,-0.0747378675287405,-0.021133804698330108,-0.024304387261518852,0.018547169550552675,0.005324501090228271,0.058999567547995645,0.07486086385911607
-0.7292027562918209,-0.7629229496748197,-0.7199029752317975,-0.8421519925482971,-0.8944413648168591,-0.8882194323555624,-0.8935161702730081,-0.9471585529338771,-0.9911600292628571,-1.0053915879004691,-0.9458314449300631,-0.9943706018210895,-0.9943706018210895,-0.8874927220299926,-0.7359337840848859,-0.5348593018906613,-0.4725159570379152,-0.4566039820840904,-0.5218245625711204,-0.5479413258330215,-0.5899781589599595,-0.5757131394723206,-0.6071352129960769,-0.5718608483340137,-0.65700988491464,-0.65700988491464,-0.7358907027540688,-0.7358907027540688,-0.898239278440543,-0.898239278440543,-0.805864126248953,-0.8251978062954042,-0.9704623627522642,-1.1480671001583314,-0.8055416327819007,-0.77354078625708,-0.7703780976131118,-0.7299756027307142,-0.5685839534069622,-0.41668347949984585,-0.4712287536056303,-0.3887807491429666,-0.3887807491429666,-0.4384440925255266,-0.3664437399611741,-0.2762610896186251,-0.18682762894443694,-0.0993564607064388,-0.04439432814448426,-0.03397187236408906,-0.05177102093409784,-0.03953099027457427,-0.07088024153276985,0.005389077322586018,-0.07210960763565
