src/extreme_event_grid.json
{"header": { "parameterCategory": 2, "lo2": 359, "nx": 360, "ny": 181, "lo1": 0, "parameterNumber": 3, "dx": 1, "dy": 1, "parameterNumberName": "V-component_of_wind", "la1": 90, "la2": -90 }, "meta": { "date": "2014-11-30T12:00:00.000Z" }, "data":
[rows 0 to 35 of 181, columns 0 to 81 of 360]
8.81,8.75,8.67,8.6,8.52,8.44,8.36,8.28,8.19,8.1,8.01,7.91,7.81,7.71,7.61,7.51,7.4,7.29,7.18,7.07,6.95,6.84,6.72,6.6,6.47,6.35,6.22,6.09,5.96,5.83,5.69,5.55,5.42,5.28,5.14,4.99,4.85,4.7,4.55,4.41,4.26,4.1,3.95,3.8,3.64,3.49,3.33,3.17,3.01,2.85,2.69,2.53,2.37,2.2,2.04,1.87,1.71,1.54,1.38,1.21,1.04,0.88,0.71,0.54,0.37,0.2,0.04,-0.13,-0.3,-0.47,-0.64,-0.8,-0.97,-1.14,-1.3,-1.47,-1.64,-1.8,-1.97,-2.13,-2.29,-2.46
8.15,8.06,7.96,7.86,7.76,7.65,7.55,7.44,7.34,7.23,7.12,7.02,6.91,6.8,6.69,6.58,6.47,6.36,6.25,6.14,6.03,5.91,5.8,5.7,5.58,5.47,5.36,5.25,5.14,5.02,4.91,4.8,4.68,4.57,4.45,4.34,4.22,4.11,3.99,3.87,3.75,3.62,3.5,3.38,3.26,3.13,3,2.87,2.74,2.61,2.47,2.34,2.2,2.06,1.92,1.78,1.64,1.49,1.35,1.21,1.06,0.91,0.77,0.61,0.47,0.32,0.17,0.02,-0.13,-0.28,-0.43,-0.58,-0.72,-0.88,-1.02,-1.17,-1.31,-1.46,-1.6,-1.75,-1.89,-2.04
8.91,8.74,8.57,8.4,8.22,8.05,7.87,7.7,7.53,7.35,7.18,7.01,6.84,6.67,6.51,6.35,6.19,6.03,5.88,5.73,5.59,5.46,5.32,5.2,5.07,4.96,4.84,4.74,4.64,4.55,4.45,4.37,4.29,4.2,4.12,4.04,3.98,3.9,3.82,3.73,3.65,3.56,3.47,3.37,3.26,3.15,3.03,2.91,2.78,2.65,2.5,2.36,2.21,2.06,1.91,1.76,1.6,1.46,1.32,1.18,1.05,0.93,0.82,0.72,0.63,0.57,0.51,0.46,0.43,0.41,0.4,0.41,0.43,0.46,0.49,0.54,0.59,0.65,0.71,0.77,0.83,0.9
10.17,9.94,9.72,9.49,9.26,9.03,8.79,8.56,8.33,8.09,7.86,7.62,7.4,7.17,6.96,6.75,6.54,6.35,6.16,5.99,5.82,5.68,5.54,5.41,5.3,5.2,5.11,5.02,4.95,4.88,4.82,4.76,4.71,4.65,4.6,4.54,4.49,4.42,4.34,4.26,4.17,4.07,3.96,3.85,3.72,3.59,3.46,3.31,3.16,3.02,2.88,2.73,2.6,2.48,2.36,2.27,2.2,2.14,2.12,2.11,2.13,2.17,2.22,2.29,2.38,2.48,2.59,2.69,2.8,2.91,3.01,3.11,3.2,3.29,3.37,3.43,3.48,3.52,3.55,3.56,3.56,3.55
10.36,10.21,10.06,9.92,9.77,9.62,9.46,9.28,9.09,8.9,8.7,8.49,8.27,8.07,7.86,7.66,7.48,7.31,7.16,7.03,6.9,6.78,6.68,6.57,6.47,6.36,6.25,6.13,6.02,5.89,5.75,5.62,5.48,5.32,5.17,5.01,4.85,4.69,4.52,4.35,4.17,3.99,3.8,3.61,3.42,3.23,3.03,2.84,2.65,2.47,2.3,2.14,1.99,1.85,1.74,1.63,1.56,1.51,1.48,1.48,1.51,1.56,1.64,1.73,1.83,1.96,2.09,2.24,2.41,2.58,2.77,2.97,3.17,3.39,3.62,3.83,4.05,4.27,4.48,4.67,4.86,5.02
11.67,11.49,11.33,11.17,11.01,10.85,10.66,10.45,10.21,9.94,9.65,9.32,8.98,8.64,8.29,7.95,7.63,7.32,7.03,6.75,6.48,6.22,5.97,5.72,5.47,5.24,5,4.78,4.56,4.36,4.17,4.01,3.86,3.74,3.64,3.56,3.47,3.4,3.33,3.24,3.13,3.01,2.88,2.74,2.59,2.44,2.3,2.17,2.07,1.99,1.93,1.89,1.87,1.87,1.88,1.9,1.93,1.98,2.06,2.17,2.31,2.5,2.73,3,3.29,3.6,3.92,4.24,4.56,4.86,5.15,5.42,5.66,5.87,6.05,6.21,6.33,6.43,6.5,6.54,6.57,6.57
13.49,13.2,12.91,12.61,12.29,11.94,11.57,11.16,10.73,10.28,9.83,9.37,8.91,8.46,8.03,7.62,7.22,6.85,6.49,6.13,5.78,5.42,5.06,4.69,4.3,3.9,3.49,3.07,2.65,2.24,1.85,1.52,1.25,1.04,0.9,0.82,0.77,0.75,0.73,0.71,0.65,0.58,0.49,0.39,0.29,0.22,0.18,0.18,0.22,0.3,0.43,0.58,0.76,0.96,1.18,1.41,1.65,1.9,2.16,2.42,2.69,2.96,3.22,3.48,3.72,3.95,4.17,4.37,4.54,4.7,4.83,4.92,4.99,5.03,5.06,5.06,5.07,5.06,5.07,5.08,5.11,5.16
12.91,12.37,11.88,11.44,11.05,10.71,10.43,10.19,9.99,9.83,9.66,9.49,9.28,9.04,8.75,8.43,8.07,7.7,7.34,7.01,6.7,6.41,6.14,5.88,5.57,5.19,4.72,4.12,3.37,2.49,1.48,0.4,-0.68,-1.67,-2.5,-3.11,-3.47,-3.59,-3.52,-3.33,-3.1,-2.87,-2.69,-2.56,-2.46,-2.38,-2.25,-2.07,-1.8,-1.45,-1.05,-0.63,-0.22,0.15,0.49,0.79,1.03,1.25,1.45,1.64,1.83,2.01,2.17,2.33,2.45,2.54,2.57,2.56,2.51,2.44,2.36,2.28,2.22,2.19,2.19,2.25,2.36,2.52,2.74,3,3.31,3.65
13.56,13.22,12.91,12.65,12.42,12.24,12.09,11.95,11.8,11.61,11.36,11.04,10.62,10.11,9.55,8.93,8.29,7.63,6.96,6.27,5.58,4.88,4.2,3.55,2.95,2.37,1.81,1.22,0.57,-0.17,-0.99,-1.84,-2.66,-3.39,-3.96,-4.34,-4.53,-4.54,-4.43,-4.28,-4.12,-4,-3.92,-3.85,-3.76,-3.6,-3.33,-2.96,-2.52,-2.05,-1.56,-1.09,-0.66,-0.31,-0.04,0.16,0.33,0.44,0.51,0.54,0.53,0.49,0.4,0.25,0.06,-0.16,-0.37,-0.54,-0.68,-0.77,-0.81,-0.81,-0.76,-0.67,-0.53,-0.32,-0.06,0.28,0.69,1.15,1.63,2.11
17.42,17.14,16.83,16.47,16.03,15.45,14.72,13.85,12.87,11.88,10.95,10.12,9.44,8.86,8.33,7.77,7.19,6.63,6.13,5.74,5.4,5.07,4.61,3.97,3.12,2.19,1.29,0.48,-0.27,-0.97,-1.61,-2.18,-2.67,-3.12,-3.49,-3.77,-4,-4.2,-4.39,-4.54,-4.63,-4.64,-4.54,-4.27,-3.79,-3.19,-2.57,-2.03,-1.49,-0.95,-0.51,-0.3,-0.32,-0.48,-0.57,-0.57,-0.59,-0.79,-1.17,-1.54,-1.83,-2.08,-2.32,-2.52,-2.67,-2.77,-2.85,-2.91,-2.93,-2.92,-2.92,-2.93,-2.89,-2.77,-2.56,-2.25,-1.83,-1.34,-0.84,-0.35,0.09,0.45
19.09,18.58,18.02,17.31,16.4,15.33,14.16,13,12,11.14,10.36,9.58,8.69,7.53,6.21,4.92,3.68,2.58,1.98,2.18,2.55,2.27,1.54,0.76,0.34,0.42,0.3,-0.42,-0.99,-1.22,-1.49,-1.97,-2.47,-2.93,-3.42,-3.91,-4.34,-4.66,-4.83,-4.82,-4.58,-4.12,-3.47,-2.76,-2.13,-1.62,-1.25,-1.05,-1.05,-1.23,-1.47,-1.66,-1.79,-2,-2.31,-2.64,-2.94,-3.28,-3.62,-3.93,-4.13,-4.2,-4.18,-4.1,-4,-3.93,-3.91,-3.94,-3.98,-4.01,-4.01,-3.96,-3.83,-3.61,-3.31,-2.98,-2.63,-2.31,-2.05,-1.88,-1.79,-1.77
18.02,17.76,17.62,17.42,17,16.32,15.51,14.68,13.95,13.33,12.52,11.73,12.02,12.47,10.79,8.77,6.58,4.16,2.66,0.64,-0.02,0.29,0.4,0.28,0.15,0.1,-0.09,-0.36,-0.64,-1.06,-1.67,-2.33,-2.98,-3.62,-4.15,-4.45,-4.57,-4.55,-4.33,-3.98,-3.57,-3.15,-2.79,-2.56,-2.46,-2.45,-2.48,-2.54,-2.61,-2.72,-2.91,-3.22,-3.66,-4.18,-4.7,-5.14,-5.44,-5.55,-5.49,-5.3,-5.04,-4.79,-4.58,-4.44,-4.38,-4.38,-4.4,-4.42,-4.43,-4.41,-4.35,-4.25,-4.13,-4,-3.9,-3.83,-3.82,-3.86,-3.93,-4,-4.05,-4.01
16.56,16.36,16.35,16.44,16.46,16.29,15.82,15.05,13.98,12.64,11.08,9.44,7.8,6.24,4.86,3.56,2.29,1.3,0.76,0.61,-0.05,-0.89,-0.85,-0.76,-1.17,-1.32,-1.32,-1.53,-1.9,-2.4,-3.05,-3.76,-4.37,-4.79,-5,-5.05,-4.99,-4.84,-4.59,-4.25,-3.86,-3.5,-3.24,-3.1,-3.08,-3.18,-3.36,-3.61,-3.96,-4.4,-4.93,-5.5,-6.03,-6.45,-6.73,-6.81,-6.74,-6.52,-6.21,-5.89,-5.62,-5.43,-5.29,-5.18,-5.09,-4.99,-4.87,-4.75,-4.64,-4.57,-4.54,-4.56,-4.64,-4.75,-4.88,-5.03,-5.18,-5.3,-5.39,-5.4,-5.3,-5.12
16.63,16.41,16.29,16.25,16.18,15.93,15.38,14.52,13.44,12.32,11.26,10.3,9.37,8.31,7.21,6.71,5.85,4.61,3.09,2.13,1.5,0.92,0.3,-0.27,-0.96,-1.67,-2.28,-2.84,-3.41,-4.04,-4.66,-5.2,-5.56,-5.75,-5.76,-5.65,-5.37,-4.96,-4.44,-3.94,-3.59,-3.48,-3.59,-3.87,-4.23,-4.6,-4.99,-5.42,-5.93,-6.46,-6.98,-7.4,-7.68,-7.84,-7.91,-7.87,-7.75,-7.56,-7.34,-7.08,-6.78,-6.43,-6.03,-5.67,-5.58,-5.75,-5.86,-5.7,-5.53,-5.55,-5.57,-5.55,-5.52,-5.51,-5.54,-5.56,-5.56,-5.49,-5.36,-5.12,-4.8,-4.4
16.87,16.66,16.61,16.77,17.08,17.37,17.39,16.92,15.91,14.47,12.79,11.06,9.42,7.96,6.72,5.7,4.86,4.19,3.62,3.05,2.39,1.58,0.64,-0.4,-1.4,-2.32,-3.13,-3.86,-4.55,-5.2,-5.75,-6.11,-6.22,-6.07,-5.72,-5.25,-4.78,-4.41,-4.25,-4.29,-4.51,-4.85,-5.22,-5.6,-5.99,-6.39,-6.8,-7.19,-7.56,-7.89,-8.16,-8.43,-8.67,-8.86,-8.9,-8.66,-8.22,-7.84,-7.63,-7.5,-7.29,-6.8,-6.88,-7.33,-7.57,-7.37,-7.23,-7.09,-6.97,-6.88,-6.74,-6.53,-6.27,-5.96,-5.65,-5.36,-5.05,-4.72,-4.35,-3.94,-3.52,-3.07
16.89,16.71,16.67,16.71,16.81,16.99,17.16,17.19,16.93,16.31,15.32,13.99,12.36,10.5,8.55,6.71,5.15,3.99,3.18,2.55,1.87,1.01,-0.02,-1.11,-2.13,-3.04,-3.89,-4.7,-5.46,-6.05,-6.36,-6.29,-5.89,-5.35,-4.87,-4.66,-4.72,-5,-5.33,-5.6,-5.81,-6.03,-6.35,-6.79,-7.3,-7.8,-8.2,-8.52,-8.8,-9.06,-9.31,-9.48,-9.51,-9.27,-8.84,-8.85,-8.99,-8.2,-7.27,-7.98,-8.71,-8.75,-8.6,-8.56,-8.55,-8.42,-8.21,-7.97,-7.75,-7.51,-7.26,-6.96,-6.61,-6.23,-5.83,-5.38,-4.9,-4.37,-3.8,-3.21,-2.6,-1.95
17.27,16.44,16,15.81,15.72,15.68,15.77,15.99,16.26,16.39,16.17,15.52,14.4,12.84,10.9,8.7,6.42,4.35,2.69,1.46,0.52,-0.34,-1.19,-2.02,-2.8,-3.56,-4.37,-5.2,-5.92,-6.3,-6.26,-5.84,-5.29,-4.89,-4.8,-5.02,-5.38,-5.69,-5.93,-6.16,-6.45,-6.85,-7.34,-7.86,-8.33,-8.73,-9.07,-9.38,-9.65,-9.86,-9.98,-9.94,-9.81,-9.78,-9.92,-9.54,-8.53,-9.15,-9.77,-9.96,-9.98,-9.99,-9.84,-9.55,-9.27,-8.98,-8.65,-8.26,-7.82,-7.35,-6.88,-6.41,-5.94,-5.45,-4.92,-4.36,-3.77,-3.17,-2.52,-1.86,-1.25,-0.68
18.39,17.59,16.49,15.42,14.65,14.19,13.94,13.85,13.96,14.25,14.58,14.67,14.34,13.49,12.09,10.17,7.84,5.34,3.03,1.17,-0.18,-1.11,-1.79,-2.36,-2.92,-3.55,-4.32,-5.14,-5.82,-6.12,-5.94,-5.4,-4.89,-4.73,-4.89,-5.23,-5.57,-5.94,-6.4,-7.02,-7.72,-8.31,-8.74,-9.02,-9.15,-9.17,-9.2,-9.28,-9.45,-9.64,-9.63,-9.42,-9.49,-9.6,-8.74,-9.04,-9.9,-10.24,-10.56,-10.62,-10.42,-10.04,-9.65,-9.29,-8.92,-8.55,-8.17,-7.82,-7.49,-7.17,-6.81,-6.36,-5.86,-5.33,-4.8,-4.26,-3.71,-3.18,-2.63,-2.01,-1.21,-0.39
16.43,16.9,17.27,16.77,15.43,13.92,12.82,12.15,11.69,11.39,11.33,11.49,11.66,11.59,11.1,10.08,8.49,6.42,4.17,2.14,0.55,-0.59,-1.4,-2.04,-2.59,-3.14,-3.84,-4.73,-5.6,-6.05,-5.8,-5,-4.41,-4.48,-5.03,-5.75,-6.45,-7.09,-7.71,-8.35,-8.85,-9.06,-9.15,-9.41,-9.84,-10.32,-10.8,-11.13,-11.07,-10.6,-9.95,-9.7,-10.1,-10.38,-10.49,-10.72,-10.69,-11.08,-11.18,-10.97,-10.7,-10.35,-9.88,-9.43,-9,-8.57,-8.12,-7.64,-7.09,-6.46,-5.79,-5.19,-4.75,-4.35,-3.88,-3.38,-2.92,-2.49,-2.12,-1.81,-1.35,-0.62
15.25,13.84,13.83,14.72,15.2,14.57,13.22,11.86,10.75,9.81,9,8.52,8.37,8.32,8.07,7.52,6.78,5.9,4.82,3.6,2.49,1.45,0.55,-0.49,-1.39,-1.88,-3.15,-4.49,-5.02,-6.06,-6.02,-5.19,-4.74,-5.13,-5.87,-6.69,-7.49,-8.23,-8.73,-8.77,-8.45,-8.23,-8.49,-9.57,-11.57,-13.38,-14.08,-14.02,-13.56,-12.92,-12.24,-11.37,-10.29,-9.75,-10.28,-12.41,-12.88,-12.04,-11.38,-10.74,-10.23,-9.8,-9.35,-8.86,-8.35,-7.85,-7.42,-6.98,-6.47,-5.94,-5.48,-5.06,-4.54,-3.92,-3.3,-2.6,-1.81,-0.96,-0.12,0.63,1.18,1.45
16.89,14.44,12.24,11.19,11.43,12.1,12.09,11.13,9.99,9.16,8.43,7.5,6.59,6.1,6.07,6.09,5.75,5.04,4.25,3.61,3.6,3.57,3.93,2.61,1.08,-0.73,-1.63,-2.68,-4.31,-4.93,-6.27,-6.86,-6.61,-6.39,-6.59,-7.45,-8.47,-9.08,-9.18,-8.92,-8.6,-8.69,-9.95,-12.64,-15.37,-16.52,-16.55,-16.28,-15.38,-13.97,-13.05,-12.92,-13.07,-13.22,-13.41,-13.62,-13.71,-13.16,-11.94,-11.45,-11.18,-10.4,-9.34,-8.45,-7.74,-7.06,-6.38,-5.62,-4.91,-4.42,-4.14,-3.89,-3.43,-2.56,-1.27,-0.05,0.93,1.86,2.69,3.36,3.88,4.27
18.12,15.9,13.23,10.87,9.53,9.3,9.66,9.64,8.68,7.48,7.02,7.16,6.94,6.06,5.07,4.2,4.01,4.57,5.95,6.81,7.58,7.25,4.55,2.4,0.83,-1.11,-2.71,-3.82,-4.45,-4.81,-6.41,-8.47,-9.68,-9.89,-9.42,-9.47,-9.91,-10.32,-10.44,-10.32,-10.69,-12.02,-13.29,-13.96,-14.68,-15.79,-16.87,-17.24,-16.44,-15.48,-15.53,-15.45,-14.82,-13.9,-13.63,-14.01,-14.34,-14,-13.11,-12.64,-12.15,-10.26,-8.27,-6.7,-5.71,-4.69,-3.72,-3.39,-3.16,-2.49,-1.79,-1.65,-1.8,-1.49,-0.4,1.1,2.52,3.41,3.75,3.64,3.26,3.27
18.17,16.6,14.18,11.79,9.76,8.27,7.52,7.33,7.45,7.05,5.8,4.62,4.16,4.33,5.39,7,7.62,8.23,6.75,7.86,8.22,5.48,3.3,1.83,0.4,-1.21,-2.57,-3.79,-4.26,-5.16,-6.5,-8.31,-10.21,-11.65,-12.08,-12.82,-12.88,-12.99,-13.24,-12.9,-12.41,-13.06,-14.43,-15.23,-15.42,-15.92,-16.54,-16.41,-15.23,-15.34,-16.31,-16.66,-16.3,-15.91,-16.01,-16.27,-15.23,-13.04,-10.41,-8.88,-7.39,-6.04,-3.94,-2.1,-1.73,-0.96,-0.72,-1.54,-2.29,-4.45,-4.85,-4.36,-4,-3.47,-2.38,-0.52,1.4,2.89,3.76,4.13,4.15,4.25
17.17,16.42,14.73,12.7,10.69,8.58,6.29,4.31,3.78,4.69,5.53,5.11,3.73,3.62,3.5,7.49,9.33,6.1,5.22,6.47,6.02,4.93,3.36,1,-1,-2.28,-2.97,-3.54,-4.36,-4.46,-5.1,-5.9,-6.99,-9.17,-12.05,-14.49,-15.28,-14.63,-14.24,-14.68,-15.12,-15.22,-15.11,-15.52,-15.47,-14.58,-14.37,-14.96,-15.39,-16.13,-16.71,-16.54,-15.59,-14.25,-13.55,-13.67,-13.74,-12.38,-9.34,-6.26,-4.22,-1.35,2.28,4.3,2.22,-0.1,-1.25,-3.19,-3.51,-4.79,-5.98,-6.15,-5.05,-3.12,-1.19,0.23,1.35,2.45,3.18,3.3,3.3,3.95
15.87,15.61,14.29,12.79,11.31,8.95,5.46,1.97,0.33,1.85,4.6,4.92,3.83,5.25,9.16,9.46,8.69,7.79,7.15,6.25,4.35,2.86,2.08,1.31,0.09,-1.67,-3.41,-4.94,-5.43,-5.33,-4.88,-5.17,-6.01,-7.62,-9.51,-11.33,-13.06,-14.18,-14.35,-14.12,-14.06,-14.32,-14.69,-14.96,-15.1,-14.83,-14.98,-15.41,-15.37,-14.66,-14.29,-14.63,-14.8,-14.18,-12.95,-11.56,-10.57,-8.91,-6.77,-4.58,-2.6,-1.33,-1.41,-0.95,-0.63,-1.34,-2.66,-3.96,-5.15,-6.5,-7.65,-7.49,-5.81,-3.68,-1.73,-0.01,1.46,3.02,4.2,4.32,3.37,2.73
14.32,14.75,13.57,11.54,10.45,9.13,5.95,1.99,-0.38,0.39,2.75,4.15,6.62,7.9,9.61,9.92,8.84,8.22,7.97,7.87,7.45,5.89,2.87,-0.13,-2.44,-3.81,-4.61,-5.32,-6.25,-7.26,-7.87,-7.9,-7.71,-7.71,-7.96,-8.3,-8.67,-9.01,-9.1,-9.49,-10.51,-11.91,-13.45,-14.68,-15.36,-15.21,-14.57,-14.09,-14.33,-14.2,-13.53,-13,-12.59,-12.28,-11.41,-10.29,-8.53,-7.19,-5.84,-5.22,-4.03,-5.09,-5.54,-4.45,-3.15,-2.87,-2.87,-3.24,-4.23,-5.71,-7.05,-7.21,-5.88,-3.74,-1.49,0.52,1.99,2.85,3.32,3.46,2.91,2.46
12.24,13,12.72,10.13,8.22,7.76,6.3,3.79,1.71,0.53,1.39,3.89,4.52,6.44,9.04,10.97,11.07,10.87,11.87,12.85,11.37,8.07,4.73,1.47,-1.92,-5.34,-8.2,-9.83,-9.9,-9.03,-8.49,-8.8,-9.7,-9.88,-9.1,-8.34,-8.07,-8.25,-9.09,-9.98,-9.96,-9.66,-9.26,-9.48,-10.18,-11.3,-12.32,-12.54,-12.4,-12.21,-12.4,-12.35,-12.28,-11.81,-10.7,-9.89,-8.79,-7.19,-5.57,-5.62,-6.86,-6.57,-6.11,-4.77,-2.83,-1.77,-2.25,-2.8,-3.23,-3.94,-4.86,-5.18,-4.41,-2.97,-1.71,-0.53,0.5,1.3,1.77,1.82,1.7,1.73
10.1,11.82,12.83,10.97,7.79,6.16,4.33,2.66,1.89,-0.06,1.11,5.51,9.87,8.37,9.84,10.52,10.88,12.15,14.01,12.33,8.01,4.23,2.08,0.23,-2.24,-4.71,-6.83,-8.61,-9.95,-10.84,-10.59,-10.06,-9.83,-9.65,-9.32,-9.12,-8.81,-8.45,-8.45,-8.7,-8.56,-8.35,-8.76,-9.61,-10.4,-11,-11.38,-11.51,-11.59,-11.72,-11.5,-10.9,-10.41,-9.99,-9.2,-8.02,-6.78,-5.29,-3.78,-3.26,-5.33,-6.62,-6.22,-5.18,-4.33,-3.93,-3.93,-4.09,-4.19,-4.23,-4.38,-4.45,-4.18,-3.5,-2.56,-1.64,-0.96,-0.42,0.19,1.03,1.79,2.71
9.24,10.37,11.8,11.41,10.6,8.92,1.32,2.87,4.58,5,6.65,9.66,12.33,11.61,10.1,9.39,9.74,11.25,11.36,7.78,4.45,4.2,4.53,3.35,1.34,-0.74,-3.08,-5.49,-7.46,-9.03,-10.25,-10.84,-10.59,-9.75,-9.11,-7.83,-6.24,-5.71,-6.48,-7.37,-8.23,-9.12,-9.21,-8.81,-9.06,-9.53,-9.88,-10.04,-9.96,-9.7,-9.38,-8.78,-7.85,-7.14,-6.69,-6.05,-4.92,-3.39,-1.95,-2.31,-5.2,-6.27,-5.75,-5.56,-5.1,-5.58,-5.66,-5.31,-5.32,-5.64,-5.55,-5.17,-4.72,-4.57,-4.13,-2.79,-0.87,0.92,2.02,2.42,3.04,4.02
8.75,10.23,10.09,10.76,12.17,11.33,1.3,4.05,3.39,5.08,7.19,8.14,8.58,8.51,8.66,8,8.87,8.78,7.46,4.61,2.73,2.36,2.99,3.14,2.22,1.09,-0.42,-2.41,-4.24,-5.63,-6.79,-7.66,-8.03,-8.39,-8.91,-8.31,-7.53,-7.97,-8.33,-7.8,-7.48,-7.83,-8.17,-8.19,-8.35,-8.91,-9.47,-9.61,-9.25,-8.79,-8.26,-7.45,-6.76,-6.29,-5.6,-4.87,-3.84,-3.28,-3.05,-3.07,-6.21,-7.52,-7.57,-7.16,-6.75,-6.59,-6.58,-6.47,-6.15,-5.78,-5.73,-5.59,-5.23,-4.36,-2.51,-0.53,1,1.83,2.21,2.79,3.57,4.28
5.94,7.9,8.38,9.78,12.4,13.4,4.45,2.88,5.29,6.61,7,7.88,8.02,7.08,6.68,7.38,7.95,7.68,6.33,4.1,2.07,0.44,0.98,2.33,2.48,2.17,1.46,0.3,-0.76,-1.72,-2.82,-4.06,-5.39,-6.39,-6.7,-6.71,-6.61,-7,-7.39,-7.37,-7.43,-7.64,-7.52,-7.05,-6.89,-6.68,-6.32,-6.37,-6.65,-6.79,-6.72,-6.54,-6.31,-5.85,-5.48,-4.87,-4.41,-3.54,-2.86,-3.13,-6.43,-6.2,-6.65,-7.08,-7.13,-6.93,-6.67,-6.47,-6.45,-6.32,-5.9,-5.18,-4.09,-2.49,-0.93,0.26,1,1.26,1.49,2.07,3.01,4.91
3.36,5.96,5.7,6.6,9.46,11.91,12.07,5.33,5.3,3.28,5.07,7.26,7.72,6.94,6.82,7.03,6.04,4.97,3.49,1.56,-0.19,-0.2,1.67,2.97,3.09,2.85,2.27,1.42,0.38,-0.88,-2.15,-3.18,-3.83,-4.22,-4.33,-4.25,-4.39,-4.62,-5.17,-6.12,-7.05,-7.7,-7.81,-7.31,-6.57,-6.02,-5.52,-5.28,-5.31,-5.26,-5.25,-5.15,-4.94,-4.87,-4.81,-4.68,-4.72,-4.39,-4.2,-4.58,-5.67,-5.24,-5.72,-6.18,-6.15,-6.58,-7.28,-7.84,-7.76,-7.01,-5.47,-3.26,-1.04,0.41,1.11,1.2,0.96,0.67,0.82,1.68,3.21,5.06
-0.38,3,2.64,3.49,6.15,8.12,9.87,8.74,6.7,6.97,8.6,8.27,7.04,6.76,6.99,7.14,6.07,4.08,2.68,2.77,3.06,3.16,3.17,2.79,2.6,2.98,3.33,3.07,2.23,0.58,-0.98,-2.23,-2.83,-2.82,-2.45,-2.08,-1.94,-2.16,-2.7,-3.68,-5.2,-7.16,-8.5,-8.31,-7.41,-6.73,-6.3,-6.08,-5.65,-5.23,-4.74,-4.29,-4.12,-4.15,-3.9,-3.49,-3.52,-3.31,-2.93,-4.19,-6.01,-5.57,-4.98,-5.51,-6.43,-7.25,-7.89,-8,-7.63,-6.45,-4.26,-1.51,0.58,1.72,1.89,1.43,1.03,1.02,1.7,2.63,3.09,3.56
-4.99,-0.94,0.16,3.34,6.69,5.5,5.3,6.24,7.46,8.55,8.82,8.87,9.46,10.25,9.96,9.67,7.56,5.18,3.11,2.7,2.82,2.58,1.87,1.52,1.91,2.69,3.6,4.31,3.84,2.27,0.89,-0.09,-0.62,-0.34,-0.21,-0.04,-0.81,-1.91,-2.72,-3.13,-4.19,-5.81,-7.06,-7.32,-6.88,-6.61,-6.71,-6.62,-6.08,-5.09,-4.15,-3.73,-3.5,-3.11,-2.87,-2.79,-2.91,-3.2,-3.67,-4.3,-4.96,-3.61,-3.61,-5.28,-6.69,-7.44,-7.47,-7.48,-7.25,-5.31,-1.95,0.9,2.16,1.91,1.44,1.37,1.21,1.28,1.64,1.2,1.45,3.53
-7.81,-4.75,-2.33,3.02,6.69,3.63,1.99,3.05,6.4,10.13,10.49,9.23,9.74,11.14,10.89,9.15,6.85,4.89,3.51,2.72,2.2,1.59,0.9,1.02,1.54,2,2.38,2.97,3.13,3.26,3.59,3.05,1.64,0.88,1.31,0.98,-0.56,-2.51,-3.76,-4.06,-4.21,-4.64,-4.95,-5.24,-5.6,-5.76,-5.56,-4.87,-3.9,-3.04,-2.5,-2.26,-2.1,-1.9,-1.66,-1.49,-1.43,-2.15,-2.8,-3.5,-6.01,-6.72,-5.17,-5.04,-5.84,-6.84,-7.21,-6.7,-4.34,-0.97,1.02,1.19,0.97,0.92,0.41,-0.13,-0.04,0.9,0.83,0.63,2.77,4.78
-10.07,-8.16,-5,1.36,5.27,1.96,0.04,1.23,4.27,8.57,11.3,11.25,10.38,9.75,9.33,8.68,7.39,5.31,3.52,2.61,1.63,1.11,0.59,0.59,1.34,2.2,2.27,1.94,1.88,2.85,4.64,4.79,2.45,0.91,1.26,1.29,-0.25,-2.28,-3.93,-4.54,-4.37,-4.07,-3.93,-3.99,-4.03,-3.73,-3.03,-2,-0.98,-0.24,0.17,0.25,-0.01,-0.46,-0.79,-1.2,-1.54,-2.03,-1.78,-3.82,-6.34,-6.84,-8.39,-7.79,-6.02,-4.73,-4.22,-2.67,-1.12,-0.74,-1.1,-1,-0.52,-0.14,-0.21,-0.15,0.3,0.93,1.63,2.58,3.49,4.11
